   3.4617368e+02
   3.4691193e+02
   3.4765018e+02
   3.4838843e+02
   3.4912668e+02
   3.4986493e+02
   3.5060318e+02
   3.5134143e+02
   3.5207968e+02
   3.5281793e+02
   3.5355618e+02
   3.5429443e+02
   3.5503268e+02
   3.5577093e+02
   3.5650918e+02
   3.5724743e+02
   3.5798568e+02
   3.5872393e+02
   3.5946218e+02
   3.6020043e+02
   3.6093868e+02
   3.6167693e+02
   3.6241518e+02
   3.6315343e+02
   3.6389168e+02
   3.6462993e+02
   3.6536818e+02
   3.6610643e+02
   3.6684468e+02
   3.6758293e+02
   3.6832118e+02
   3.6905943e+02
   3.6979768e+02
   3.7053593e+02
   3.7127418e+02
   3.7201243e+02
   3.7275068e+02
   3.7348893e+02
   3.7422718e+02
   3.7496543e+02
   3.7570368e+02
   3.7644193e+02
   3.7718018e+02
   3.7791843e+02
   3.7865668e+02
   3.7939493e+02
   3.8013318e+02
   3.8087143e+02
   3.8160968e+02
   3.8234793e+02
   3.8308618e+02
   3.8382443e+02
   3.8456268e+02
   3.8530093e+02
   3.8603918e+02
   3.8677743e+02
   3.8751568e+02
   3.8825393e+02
   3.8899218e+02
   3.8973043e+02
   3.9046868e+02
   3.9120693e+02
   3.9194518e+02
   3.9268343e+02
   3.9342168e+02
   3.9415993e+02
   3.9489818e+02
   3.9563644e+02
   3.9637469e+02
   3.9711294e+02
   3.9785119e+02
   3.9858944e+02
   3.9932769e+02
   4.0006594e+02
   4.0080419e+02
   4.0154244e+02
   4.0228069e+02
   4.0301894e+02
   4.0375719e+02
   4.0449544e+02
   4.0523369e+02
   4.0597194e+02
   4.0671019e+02
   4.0744844e+02
   4.0818669e+02
   4.0892494e+02
   4.0966319e+02
   4.1040144e+02
   4.1113969e+02
   4.1187794e+02
   4.1261619e+02
   4.1335444e+02
   4.1409269e+02
   4.1483094e+02
   4.1556919e+02
   4.1630744e+02
   4.1704569e+02
   4.1778394e+02
   4.1852219e+02
   4.1926044e+02
   4.1999869e+02
   4.2073694e+02
   4.2147519e+02
   4.2221344e+02
   4.2295169e+02
   4.2368994e+02
   4.2442819e+02
   4.2516644e+02
   4.2590469e+02
   4.2664294e+02
   4.2738119e+02
   4.2811944e+02
   4.2885769e+02
   4.2959594e+02
   4.3033419e+02
   4.3107244e+02
   4.3181069e+02
   4.3254894e+02
   4.3328719e+02
   4.3402544e+02
   4.3476369e+02
   4.3550194e+02
   4.3624019e+02
   4.3697844e+02
   4.3771669e+02
   4.3845494e+02
   4.3919319e+02
   4.3993144e+02
   4.4066969e+02
   4.4140794e+02
   4.4214619e+02
   4.4288444e+02
   4.4362269e+02
   4.4436094e+02
   4.4509919e+02
   4.4583744e+02
   4.4657569e+02
   4.4731394e+02
   4.4805219e+02
   4.4879044e+02
   4.4952869e+02
   4.5026694e+02
   4.5100519e+02
   4.5174344e+02
   4.5248169e+02
   4.5321994e+02
   4.5395819e+02
   4.5469644e+02
   4.5543469e+02
   4.5617294e+02
   4.5691119e+02
   4.5764944e+02
   4.5838769e+02
   4.5912594e+02
   4.5986419e+02
   4.6060244e+02
   4.6134069e+02
   4.6207894e+02
   4.6281719e+02
   4.6355544e+02
   4.6429369e+02
   4.6503194e+02
   4.6577020e+02
   4.6650845e+02
   4.6724670e+02
   4.6798495e+02
   4.6872320e+02
   4.6946145e+02
   4.7019970e+02
   4.7093795e+02
   4.7167620e+02
   4.7241445e+02
   4.7315270e+02
   4.7389095e+02
   4.7462920e+02
   4.7536745e+02
   4.7610570e+02
   4.7684395e+02
   4.7758220e+02
   4.7832045e+02
   4.7905870e+02
   4.7979695e+02
   4.8053520e+02
   4.8127345e+02
   4.8201170e+02
   4.8274995e+02
   4.8348820e+02
   4.8422645e+02
   4.8496470e+02
   4.8570295e+02
   4.8644120e+02
   4.8717945e+02
   4.8791770e+02
   4.8865595e+02
   4.8939420e+02
   4.9013245e+02
   4.9087070e+02
   4.9160895e+02
   4.9234720e+02
   4.9308545e+02
   4.9382370e+02
   4.9456195e+02
   4.9530020e+02
   4.9603845e+02
   4.9677670e+02
   4.9751495e+02
   4.9825320e+02
   4.9899145e+02
   4.9972970e+02
   5.0046795e+02
   5.0120620e+02
   5.0194445e+02
   5.0268270e+02
   5.0342095e+02
   5.0415920e+02
   5.0489745e+02
   5.0563570e+02
   5.0637395e+02
   5.0711220e+02
   5.0785045e+02
   5.0858870e+02
   5.0932695e+02
   5.1006520e+02
   5.1080345e+02
   5.1154170e+02
   5.1227995e+02
   5.1301820e+02
   5.1375645e+02
   5.1449470e+02
   5.1523295e+02
   5.1597120e+02
   5.1670945e+02
   5.1744770e+02
   5.1818595e+02
   5.1892420e+02
   5.1966245e+02
   5.2040070e+02
   5.2113895e+02
   5.2187720e+02
   5.2261545e+02
   5.2335370e+02
   5.2409195e+02
   5.2483020e+02
   5.2556845e+02
   5.2630670e+02
   5.2704495e+02
   5.2778320e+02
   5.2852145e+02
   5.2925970e+02
   5.2999795e+02
   5.3073620e+02
   5.3147445e+02
   5.3221270e+02
   5.3295095e+02
   5.3368920e+02
   5.3442745e+02
   5.3516570e+02
   5.3590396e+02
   5.3664221e+02
   5.3738046e+02
   5.3811871e+02
   5.3885696e+02
   5.3959521e+02
   5.4033346e+02
   5.4107171e+02
   5.4180996e+02
   5.4254821e+02
   5.4328646e+02
   5.4402471e+02
   5.4476296e+02
   5.4550121e+02
   5.4623946e+02
   5.4697771e+02
   5.4771596e+02
   5.4845421e+02
   5.4919246e+02
   5.4993071e+02
   5.5066896e+02
   5.5140721e+02
   5.5214546e+02
   5.5288371e+02
   5.5362196e+02
   5.5436021e+02
   5.5509846e+02
   5.5583671e+02
   5.5657496e+02
   5.5731321e+02
   5.5805146e+02
   5.5878971e+02
   5.5952796e+02
   5.6026621e+02
   5.6100446e+02
   5.6174271e+02
   5.6248096e+02
   5.6321921e+02
   5.6395746e+02
   5.6469571e+02
   5.6543396e+02
   5.6617221e+02
   5.6691046e+02
   5.6764871e+02
   5.6838696e+02
   5.6912521e+02
   5.6986346e+02
   5.7060171e+02
   5.7133996e+02
   5.7207821e+02
   5.7281646e+02
   5.7355471e+02
   5.7429296e+02
   5.7503121e+02
   5.7576946e+02
   5.7650771e+02
   5.7724596e+02
   5.7798421e+02
   5.7872246e+02
   5.7946071e+02
   5.8019896e+02
   5.8093721e+02
   5.8167546e+02
   5.8241371e+02
   5.8315196e+02
   5.8389021e+02
   5.8462846e+02
   5.8536671e+02
   5.8610496e+02
   5.8684321e+02
   5.8758146e+02
   5.8831971e+02
   5.8905796e+02
   5.8979621e+02
   5.9053446e+02
   5.9127271e+02
   5.9201096e+02
   5.9274921e+02
   5.9348746e+02
   5.9422571e+02
   5.9496396e+02
   5.9570221e+02
   5.9644046e+02
   5.9717871e+02
   5.9791696e+02
   5.9865521e+02
   5.9939346e+02
   6.0013171e+02
   6.0086996e+02
   6.0160821e+02
   6.0234646e+02
   6.0308471e+02
   6.0382296e+02
   6.0456121e+02
   6.0529946e+02
   6.0603772e+02
   6.0677597e+02
   6.0751422e+02
   6.0825247e+02
   6.0899072e+02
   6.0972897e+02
   6.1046722e+02
   6.1120547e+02
   6.1194372e+02
   6.1268197e+02
   6.1342022e+02
   6.1415847e+02
   6.1489672e+02
   6.1563497e+02
   6.1637322e+02
   6.1711147e+02
   6.1784972e+02
   6.1858797e+02
   6.1932622e+02
   6.2006447e+02
   6.2080272e+02
   6.2154097e+02
   6.2227922e+02
   6.2301747e+02
   6.2375572e+02
   6.2449397e+02
   6.2523222e+02
   6.2597047e+02
   6.2670872e+02
   6.2744697e+02
   6.2818522e+02
   6.2892347e+02
   6.2966172e+02
   6.3039997e+02
   6.3113822e+02
   6.3187647e+02
   6.3261472e+02
   6.3335297e+02
   6.3409122e+02
   6.3482947e+02
   6.3556772e+02
   6.3630597e+02
   6.3704422e+02
   6.3778247e+02
   6.3852072e+02
   6.3925897e+02
   6.3999722e+02
   6.4073547e+02
   6.4147372e+02
   6.4221197e+02
   6.4295022e+02
   6.4368847e+02
   6.4442672e+02
   6.4516497e+02
   6.4590322e+02
   6.4664147e+02
   6.4737972e+02
   6.4811797e+02
   6.4885622e+02
   6.4959447e+02
   6.5033272e+02
   6.5107097e+02
   6.5180922e+02
   6.5254747e+02
   6.5328572e+02
   6.5402397e+02
   6.5476222e+02
   6.5550047e+02
   6.5623872e+02
   6.5697697e+02
   6.5771522e+02
   6.5845347e+02
   6.5919172e+02
   6.5992997e+02
   6.6066822e+02
   6.6140647e+02
   6.6214472e+02
   6.6288297e+02
   6.6362122e+02
   6.6435947e+02
   6.6509772e+02
   6.6583597e+02
   6.6657422e+02
   6.6731247e+02
   6.6805072e+02
   6.6878897e+02
   6.6952722e+02
   6.7026547e+02
   6.7100372e+02
   6.7174197e+02
   6.7248022e+02
   6.7321847e+02
   6.7395672e+02
   6.7469497e+02
   6.7543323e+02
   6.7617148e+02
   6.7690973e+02
   6.7764798e+02
   6.7838623e+02
   6.7912448e+02
   6.7986273e+02
   6.8060098e+02
   6.8133923e+02
   6.8207748e+02
   6.8281573e+02
   6.8355398e+02
   6.8429223e+02
   6.8503048e+02
   6.8576873e+02
   6.8650698e+02
   6.8724523e+02
   6.8798348e+02
   6.8872173e+02
   6.8945998e+02
   6.9019823e+02
   6.9093648e+02
   6.9167473e+02
   6.9241298e+02
   6.9315123e+02
   6.9388948e+02
   6.9462773e+02
   6.9536598e+02
   6.9610423e+02
   6.9684248e+02
   6.9758073e+02
   6.9831898e+02
   6.9905723e+02
   6.9979548e+02
   7.0053373e+02
   7.0127198e+02
   7.0201023e+02
   7.0274848e+02
   7.0348673e+02
   7.0422498e+02
   7.0496323e+02
   7.0570148e+02
   7.0643973e+02
   7.0717798e+02
   7.0791623e+02
   7.0865448e+02
   7.0939273e+02
   7.1013098e+02
   7.1086923e+02
   7.1160748e+02
   7.1234573e+02
   7.1308398e+02
   7.1382223e+02
   7.1456048e+02
   7.1529873e+02
   7.1603698e+02
   7.1677523e+02
   7.1751348e+02
   7.1825173e+02
   7.1898998e+02
   7.1972823e+02
   7.2046648e+02
   7.2120473e+02
   7.2194298e+02
   7.2268123e+02
   7.2341948e+02
   7.2415773e+02
   7.2489598e+02
   7.2563423e+02
   7.2637248e+02
   7.2711073e+02
   7.2784898e+02
   7.2858723e+02
   7.2932548e+02
   7.3006373e+02
   7.3080198e+02
   7.3154023e+02
   7.3227848e+02
