Wavelength in nm	0.5 ps (0.45 - 0.55 ps)	1.55 ps (1.3999 - 1.7 ps)	19.9 ps (17.9886 - 21.8 ps)	98.4 ps (89.0312 - 108 ps)	487 ps (440.635 - 534 ps)
335.0	0.025404489015682374	0.027739435951184943	0.035080149577918655	0.03542878288248101	0.03565685360778418
336.0	0.024062569286737417	0.02591175236553282	0.031801276333275535	0.03233091650840491	0.03271418718141847
337.0	0.024341655820669716	0.026355524051407498	0.032735351863657385	0.03319801058707538	0.03352417615996341
338.0	0.025208790511801995	0.02707635847809119	0.03301333404234416	0.033511189136480025	0.03386865619066958
339.0	0.02530811050486695	0.02742998688148233	0.034144352665728704	0.0346063763483714	0.034929694358970566
340.0	0.025652466330223868	0.02734775703755681	0.03280940500961537	0.03350273309753241	0.03402017099113206
341.0	0.02368028019164059	0.02541967999311137	0.03095206685279624	0.03142528652312021	0.031765839621469116
342.0	0.025138205453526255	0.02670735575417109	0.031708896173908235	0.03217135144673067	0.03250698916896826
343.0	0.023391083154204826	0.02509499349692471	0.03052228407169473	0.0310118189612892	0.03136618143142636
344.0	0.022714660954562066	0.024325417049628515	0.029355747229567557	0.029483997843986018	0.029551609684163916
345.0	0.02426845296772045	0.025446057011785452	0.029187411705327997	0.029493882407348012	0.0297133269352029
346.0	0.023582780417307242	0.024714154446675147	0.02833638462985333	0.028723434174714915	0.029008285665017435
347.0	0.022781530687442614	0.023856235816351698	0.027234231758593925	0.02739232390443319	0.02749540109271135
348.0	0.02210757554217274	0.022979935695376527	0.02572995371505997	0.025885075439576754	0.025990162198200047
349.0	0.024106633009814048	0.02460903645867159	0.02625232680644357	0.02654028187075957	0.026759555287447587
350.0	0.024636783798229353	0.024999461645569463	0.02621793163179315	0.02653326219230463	0.026777443549623
351.0	0.023308540482271527	0.023458353884490923	0.024019346116722438	0.02434205453044887	0.02459674457329632
352.0	0.024026698158157868	0.023976033287061507	0.023885718978441346	0.024108304332730035	0.02428731093736318
353.0	0.024786924313749112	0.024657725294652075	0.02431049800891034	0.024487941664282906	0.024632568656652715
354.0	0.01879010113266362	0.018463530060333678	0.017482971276947954	0.017588150395496254	0.017679293529309036
355.0	0.021732527690452922	0.021288496945687418	0.019934676194306816	0.020009013570428384	0.02007805013840505
356.0	0.023449958992748335	0.022639869210648467	0.02023103711885311	0.02057047708246053	0.02085933658333118
357.0	0.019302211195607145	0.018814430291899723	0.01732529807313631	0.017400552066478628	0.017471269114069567
358.0	0.019474404056491208	0.018630990687627993	0.0160470470848251	0.016146761510172955	0.016244734131642496
359.0	0.023336803948045347	0.022277572456033557	0.018997764317297532	0.019007306194063413	0.019037880999782823
360.0	0.023938124031145508	0.02318188431068231	0.02089789262849678	0.02109702323016895	0.021272569022034695
361.0	0.02251059565086173	0.021342140490956302	0.017617498169515144	0.017272186143933912	0.017021498157145806
362.0	0.017566286016601262	0.01649364898777478	0.013011060649425999	0.012482558905281799	0.012083374384505552
363.0	0.02260486661854609	0.021165983135010422	0.01659140591000186	0.016206550861778555	0.015930115561820817
364.0	0.019170579657110956	0.01796971735228651	0.014033028826478484	0.013315262283237289	0.012767579388850092
365.0	0.02453063517184316	0.02280987494237824	0.017256837849447215	0.01652194742164422	0.015971841208141723
366.0	0.02298565130129754	0.02125905833993393	0.015633845992988022	0.014718426434968263	0.014024152508649891
367.0	0.021568559548292746	0.01979054837910418	0.014105805372790955	0.013523484787868462	0.01309656557116713
368.0	0.020729962887255926	0.01904008116072411	0.013575320691404507	0.012815672544530985	0.012245108898001894
369.0	0.02513997920965433	0.023043754990617976	0.01637010658660511	0.015778674405497215	0.01535136648460679
370.0	0.02337650403101886	0.021250896044472733	0.014455446768866788	0.013761442840132254	0.013252787539684356
371.0	0.02373663624708037	0.021753530456145476	0.015424210607592215	0.014811965235922991	0.014365570962804344
372.0	0.021998600701304973	0.020174550249537973	0.014337309076052566	0.013722226715556096	0.013270118965829025
373.0	0.023308283008112052	0.02128767104842541	0.014874454970867928	0.014370125886570424	0.01401079996176661
374.0	0.022111378315244748	0.02013884332739118	0.01386041389138904	0.01330866972297741	0.012910404089112475
375.0	0.02036463773831093	0.018431594691457016	0.012302966583762608	0.011842695558352268	0.011516687372024997
376.0	0.019108566293595725	0.017281863731264762	0.011449825055587887	0.010879530621269276	0.010463278609761024
377.0	0.020774383629278817	0.01892685483348378	0.01307704007521871	0.01266280624604276	0.01237174220582322
378.0	0.017837756567586696	0.016133664080332	0.010713427673189162	0.010249320414978495	0.009915285799925124
379.0	0.0	0.0	0.0	0.0	0.0
405.0	-0.03213561236284049	-0.03241871646973952	-0.033240968693570266	-0.03305704794785032	-0.032903909590613234
406.0	-0.033345277566859066	-0.033502651873583304	-0.03394033778291992	-0.03377337988054203	-0.03363652357784364
407.0	-0.03461655492757187	-0.03484616253764544	-0.03545077246028566	-0.03509382405296306	-0.03480354641876198
408.0	-0.036880330676164114	-0.037114630579406664	-0.037755278235797295	-0.03747006187782138	-0.03723701687826644
409.0	-0.038005117140053946	-0.038155347184198524	-0.03853030741949834	-0.03822791785312901	-0.03798296794397608
410.0	-0.0392519923607121	-0.03942151419522964	-0.039827223139670305	-0.03942793184913624	-0.0391051119703792
411.0	-0.040947533420482324	-0.041050155906039165	-0.041243098224576724	-0.040825658128116935	-0.040489781562984765
412.0	-0.04180099998641733	-0.041873882377257136	-0.041991450603794354	-0.04163005069315324	-0.041339610478007584
413.0	-0.042423118660809916	-0.042511401008348076	-0.042658091080638456	-0.042234608839892995	-0.04189421356208604
414.0	-0.043714749124434946	-0.04373577820019801	-0.043672110509736926	-0.043242177999608826	-0.04289808415827837
415.0	-0.04373748571682467	-0.04384117377007197	-0.04400987401340566	-0.04350051832680186	-0.04309115199938845
416.0	-0.04541220049301932	-0.045472616109365094	-0.045515699667124904	-0.04503467211647095	-0.04464888551272844
417.0	-0.04586935528320392	-0.04587153941586533	-0.04572489372898338	-0.0452129524487645	-0.04480371856861149
418.0	-0.046224897793555375	-0.04630285154103431	-0.04641875453180582	-0.045999351523118764	-0.045662440479429384
419.0	-0.04784221995416829	-0.04778426749174123	-0.047446352470823516	-0.04691806047734534	-0.046497060583574536
420.0	-0.04908896385138023	-0.04901203780003866	-0.04862410736187054	-0.048125133387062834	-0.04772797798269012
421.0	-0.04906555353433223	-0.049046392160721014	-0.048841175586235026	-0.04835453257129185	-0.04796598164281374
422.0	-0.04897988352452059	-0.04894359648165273	-0.048691440359227144	-0.04822526873989696	-0.047853451299799975
423.0	-0.049823940855738325	-0.04985843212277156	-0.0498262005633752	-0.04936194892203249	-0.04899013268593303
424.0	-0.04977162512454976	-0.049825071484947685	-0.04987432988724689	-0.049485982493915136	-0.04917442466258617
425.0	-0.05009055726860703	-0.05014407453472392	-0.05018352439420328	-0.04976171253840184	-0.049423405555453236
426.0	-0.05087290277469027	-0.05096916867623532	-0.05115190012947186	-0.050766125375599706	-0.050455696133882545
427.0	-0.052589302946147845	-0.05272409170197476	-0.05299006398547946	-0.052483671707332924	-0.052076000193348966
428.0	-0.05173812981636518	-0.05188061180628665	-0.05219178605772404	-0.05175667172150372	-0.05140580486583115
429.0	-0.05144210921111127	-0.051588389929535676	-0.05192883843684771	-0.051552127110682494	-0.05124785855803754
430.0	-0.05267947810154522	-0.05280992837353357	-0.05309741990198899	-0.052707705023609	-0.052393385902383544
431.0	-0.05215462808696103	-0.05237303062050864	-0.05290514504143956	-0.05242216010664139	-0.052031386228753085
432.0	-0.05147257233300896	-0.051659680038728235	-0.05212546750650442	-0.05174479163687481	-0.0514364697752539
433.0	-0.05220266268310005	-0.05245733732586596	-0.05311473962891947	-0.05267472504940537	-0.05231751086559968
434.0	-0.05216892881579842	-0.052450546398364155	-0.05319846009766833	-0.05278184618797574	-0.05244275207362268
435.0	-0.051806956401060894	-0.052201575829307824	-0.053296983842762574	-0.05287132667957617	-0.05252255626339264
436.0	-0.05115874247261161	-0.05156408621127969	-0.05270934307559769	-0.05233912397893292	-0.05203443199130962
437.0	-0.051509548673443865	-0.05189402589876524	-0.052953500384400276	-0.05251282063139687	-0.052152262626456426
438.0	-0.051213864265731865	-0.051662133563320965	-0.05293497574478854	-0.05254658534853931	-0.05222643935118603
439.0	-0.05087613861171651	-0.05134619930960146	-0.052656984483405854	-0.05216984929476438	-0.05177030603855084
440.0	-0.050882561837899805	-0.05139885769689404	-0.05285884530244626	-0.05239144830662092	-0.052006679796118095
441.0	-0.05071613974936115	-0.051214366698641024	-0.05262792298203888	-0.052192448071995044	-0.05183358584058132
442.0	-0.04984244582295709	-0.05040023571033413	-0.051978898020049874	-0.05147839932091839	-0.05106627417897138
443.0	-0.04932941502473476	-0.04991107192610039	-0.05154900153690343	-0.050999452012165464	-0.05054760424496892
444.0	-0.04982300065778465	-0.050386124182367646	-0.05197110505365581	-0.05143653238896873	-0.05099705691269504
445.0	-0.048872340890072224	-0.04950308022066916	-0.05129173302362361	-0.05073755074339959	-0.05028093672264051
446.0	-0.04857155213963671	-0.04922119514978004	-0.05107729373175892	-0.050552681804030046	-0.05011929335212689
447.0	-0.04804339361764455	-0.04873009096188891	-0.05067608108815614	-0.05006823195967434	-0.049567510551828196
448.0	-0.047842826916244335	-0.04854366950145466	-0.05054482493487098	-0.04997477662558719	-0.04950396235949098
449.0	-0.04659859810269232	-0.04733899485126824	-0.049439546184926	-0.04879212416095007	-0.04825860937195361
450.0	-0.04685042032520474	-0.04760042497040729	-0.0497356326797558	-0.049104497026158156	-0.04858379152141027
451.0	-0.045683650630353484	-0.046456661588578606	-0.04864833461339838	-0.047967698956841553	-0.04740693045339569
452.0	-0.04477853604162321	-0.045582214095500256	-0.047881056745558266	-0.04724089611350468	-0.04671181425758603
453.0	-0.04312161718344007	-0.04399907450256604	-0.046503368608960954	-0.04578579571527014	-0.04519324104343914
454.0	-0.04359760200294438	-0.04446528035357326	-0.04694424680626901	-0.04624328683402651	-0.045664222467837225
455.0	-0.042078415824539764	-0.04297775431370873	-0.045556740757006525	-0.044862127558063514	-0.04428745015382617
456.0	-0.041601134342312086	-0.04249557824652698	-0.045081616125369185	-0.04446115209490171	-0.043945846988675534
457.0	-0.03993944814121145	-0.040856744839186394	-0.043495137334058805	-0.042813043461539614	-0.042247983494016456
458.0	-0.040084270872465105	-0.040991713155761424	-0.04360841963502829	-0.042955871078360526	-0.04241463970924506
459.0	-0.03890687134372703	-0.03983715198783048	-0.04250655675961216	-0.04179367452287139	-0.04120372460697704
460.0	-0.038693244324146114	-0.039571475002468826	-0.04207614448534164	-0.04135182590848858	-0.040753862763491494
461.0	-0.037172091307464405	-0.03807816818305936	-0.04067129382170384	-0.0399541761579631	-0.03936136530396883
462.0	-0.037285525685381	-0.03817633901088579	-0.04071481850300046	-0.039973197713150825	-0.03936113258117457
463.0	-0.035590644755213924	-0.03649368367122808	-0.039084294821482894	-0.0383902039024813	-0.03781586377815665
464.0	-0.035612045330819735	-0.03646568868368002	-0.038926737028529966	-0.03831112959332319	-0.03780059022545038
465.0	-0.033974026983132725	-0.034835453943977794	-0.0372868940951089	-0.03655872783961348	-0.03595805335597824
466.0	-0.03364459036584051	-0.034483892343086915	-0.036898288131530586	-0.03627531516846592	-0.035759199354724026
467.0	-0.03310501090824591	-0.03389884594436362	-0.03615159458974332	-0.035459410525704775	-0.03488896040987552
468.0	-0.03227660199845332	-0.03308337927304524	-0.03538737029632726	-0.034732337268507316	-0.03419130099600289
469.0	-0.03062044540666546	-0.03146022098331556	-0.03384657574081212	-0.03312513143380034	-0.03253029877162872
470.0	-0.030749449274046887	-0.031488333417587555	-0.03356810356201748	-0.03286697588138258	-0.03229056777889896
471.0	-0.029103477823725958	-0.02980977165883682	-0.031789889560646004	-0.03109326154101837	-0.030521156011562304
472.0	-0.028220585460437465	-0.028885227261186208	-0.030741087422517393	-0.030060564322139757	-0.02950223358642397
473.0	-0.027082005878224246	-0.027744934558060565	-0.029597206833529083	-0.028922427452335118	-0.028368724694929515
474.0	-0.0264191123925775	-0.027062368670683696	-0.02886972949837884	-0.028248526880423296	-0.027738073382664902
475.0	-0.025182580817375202	-0.025832164876312628	-0.027655894325142014	-0.02702387359931734	-0.02650463626824037
476.0	-0.024543026364179828	-0.025172627184806284	-0.02693317531394841	-0.026296979197130168	-0.02577483747661356
477.0	-0.023570821608032266	-0.02417868656677812	-0.025869487116869417	-0.025225329072339975	-0.024697294413831894
478.0	-0.02237628173047267	-0.02295599865307746	-0.02455217644620789	-0.02388336074533678	-0.023336227436050197
479.0	-0.02117485859825201	-0.021680200940707894	-0.02306637882451885	-0.02246595345626631	-0.021975094774796117
480.0	-0.020455866547610772	-0.02093406077655389	-0.022244125013712913	-0.021670466188156805	-0.02120158974160019
481.0	-0.019276049428799485	-0.019760584304775734	-0.021072530849169102	-0.020439579887320758	-0.019923174804572324
482.0	-0.018274288485137288	-0.01873607277761424	-0.020023795731054003	-0.019545290827755423	-0.019152824925221735
483.0	-0.01738026856728326	-0.01783042209321385	-0.019051570787389508	-0.018471189137459345	-0.017997546742008475
484.0	-0.01663595649388092	-0.01707088823745538	-0.01824598899875461	-0.017669364511747294	-0.017199054935298597
485.0	-0.015572679793443664	-0.015986623185122652	-0.017122593218251603	-0.016632444983029862	-0.016231709216866366
486.0	-0.015085006079250281	-0.015481194798090509	-0.016531238181775487	-0.015937965941033052	-0.015455189441448363
487.0	-0.013346354078897848	-0.013752926347629807	-0.014890244468502406	-0.01448082480007635	-0.014144773794614306
488.0	-0.01235298639339693	-0.012750693117196293	-0.013869139932590568	-0.013488431552785817	-0.013175521097058116
489.0	-0.011683200733231204	-0.012058609381151289	-0.013088022870289878	-0.012640810129168905	-0.012275226874661134
490.0	-0.010716932154695968	-0.011092426582700703	-0.012134224560506224	-0.011727451771298615	-0.011394189672116353
491.0	-0.00977433228343802	-0.010146949227327876	-0.011170049092902116	-0.01073063860170606	-0.010371352043848604
492.0	-0.009173817708030687	-0.009491399084197551	-0.010379501968952239	-0.010058768438984995	-0.009795530838279972
493.0	-0.00861180559201951	-0.008961430018871563	-0.009924979129331837	-0.00952462959120076	-0.009197061965396486
494.0	-0.007591915206310276	-0.007910787721489251	-0.0088204144120679	-0.008558153262260955	-0.008341623737487943
495.0	-0.006651900538336081	-0.0069588212528491735	-0.007804946892669744	-0.007454384369410615	-0.00716753588792388
496.0	-0.006454625218901465	-0.006741948865213211	-0.007542095664074284	-0.00724076896924071	-0.006993698474840569
497.0	-0.0055700092984110675	-0.005884545155376148	-0.00675371204711591	-0.006401284513633069	-0.006112780377626952
498.0	-0.005000735155996125	-0.005292012149441969	-0.00611741952256615	-0.00585950300133754	-0.005647043923006433
499.0	-0.00423269421552047	-0.004517331777207601	-0.005316891897514927	-0.005041386006499739	-0.004815011865578235
500.0	-0.0038798090572730636	-0.0041549374430349	-0.004925483643983611	-0.004651499362636842	-0.004426547435437724
501.0	-0.003015623436477431	-0.0032740498828179136	-0.003995364981785026	-0.0037298229774747707	-0.0035119806742989006
502.0	-0.0024954436651390796	-0.0027371632903305104	-0.0034184224038734706	-0.0031919906527063118	-0.003005770507543798
503.0	-0.0023184132614013733	-0.0025578971521591242	-0.003218382625543886	-0.0029457503854877407	-0.0027226513572877844
504.0	-0.0017393136415167127	-0.0019503182455149453	-0.0025302680665623173	-0.0022834127477976284	-0.002081533805513957
505.0	-0.0011537885534849439	-0.0013742426577294034	-0.001976115821677476	-0.0017046946247802235	-0.0014829758422587032
506.0	-0.0009256524177161315	-0.0010972513814056183	-0.0015709321175085972	-0.001376978435449542	-0.0012182366532361624
507.0	-0.0001554878727760838	-0.00032803567011488043	-0.0007812856417209198	-0.0005093416292040039	-0.0002882428530642203
508.0	0.0001656243354067216	1.099862153093605e-05	-0.00039321902826529347	-0.00014299908577498772	6.034770494658424e-05
509.0	0.0006446291805759483	0.0005149872384986068	0.00018326300294918918	0.00041701867716643746	0.0006066645681443907
510.0	0.0009574387953536247	0.000843124780766078	0.0005524963021781409	0.000764871584649394	0.0009370963889195642
511.0	0.0013662825776342145	0.0012671431758534883	0.0010276207682243645	0.0012536057269974803	0.001436379774020791
512.0	0.001715541634275962	0.001641382351609207	0.0014810270930994598	0.0017128558661645172	0.001899759590077703
513.0	0.0018817416142412591	0.0018062220859351443	0.0016526380977412564	0.001921129985652875	0.0021373674269012533
514.0	0.002285653330676942	0.002242057502635809	0.002162503486035614	0.0023478876984309393	0.0024970068659379723
515.0	0.0027602930662536176	0.0027239698455848887	0.0026775578283823992	0.0028983258890766493	0.003075569246651276
516.0	0.0030918131053913212	0.003075675019116507	0.0030932590476102323	0.0033188332615005883	0.0034994807926693127
517.0	0.0036872506319040434	0.003687458544296038	0.003753217473593875	0.003970505874951317	0.004144176553080816
518.0	0.0034680303456565142	0.003491462400596611	0.0036213962089222313	0.0038126588575662693	0.00396502441476549
519.0	0.0038040172341742887	0.003853087015449517	0.004062375550732249	0.0042533071612961245	0.004404852686572186
520.0	0.004033038372465817	0.004077092907520149	0.004272696776575117	0.004469828892792591	0.0046264390389323595
521.0	0.0044309136644902864	0.004481416431280434	0.00469754596402709	0.004896486556795145	0.005054402489469187
522.0	0.0045073681242282955	0.0045934874846447135	0.004915314683432074	0.005098632055277049	0.005243288965104904
523.0	0.0047670367585478796	0.004877207367000077	0.005251308470466583	0.005360332759757402	0.005445087316341461
524.0	0.004920571005893625	0.0050625015444338214	0.005517391358658026	0.005567555595954655	0.005604576168749108
525.0	0.005489766023594704	0.00560890533673014	0.00603088028027102	0.006206908152770161	0.006345023307634984
526.0	0.005357192576582882	0.005508671031412665	0.006018700302909123	0.006154123479119742	0.0062590833186475505
527.0	0.005692708062017594	0.005859650228020233	0.0064276314828469695	0.006596519427561111	0.0067278921076692885
528.0	0.0058128058254749634	0.005995249265843256	0.006604225783487138	0.006749605259660579	0.006861852159375904
529.0	0.006333965843360899	0.006504426091815268	0.007084100999637133	0.00725562776655423	0.007389033396729434
530.0	0.006397234541509133	0.006587252632735973	0.007218361854034061	0.007359263404854631	0.007467767065784232
531.0	0.006569535353161388	0.006796944104263535	0.007552046953387168	0.007720032176838059	0.007849373324449167
532.0	0.006504878353038325	0.00672677219544842	0.007476024221813614	0.007681518913386987	0.007840960265397665
533.0	0.006827570037208542	0.007078917245315151	0.007902788562544326	0.008052689682422839	0.008167057868157662
534.0	0.006888902168990723	0.0071959912342039085	0.008189799007840198	0.008330312235996458	0.008435969187303657
535.0	0.007233064272042953	0.007518209119111051	0.008432384152051638	0.008534103465394629	0.008609228473320714
536.0	0.007191711063225506	0.007522148473858114	0.008561139234040217	0.008610966151991294	0.008643633130820276
537.0	0.0076291104693077365	0.007962181520891789	0.009023180174209812	0.00911921127752075	0.009188751473351901
538.0	0.007760322851749256	0.008102461197184586	0.009184475702391991	0.00925686537000722	0.009307312898369691
539.0	0.007669758155318037	0.008033936935531968	0.009203133081369951	0.009338512397110369	0.009438829051262457
540.0	0.007769877073848094	0.008154150232089765	0.009383893515836425	0.00951350850007471	0.009608782472806178
541.0	0.007938724938020905	0.008336806322566788	0.009595794846023539	0.009680200477115548	0.009739040175365511
542.0	0.008233395747342224	0.008663040298403165	0.010031224123643474	0.010153597673744788	0.010242100716641585
543.0	0.008254055072331918	0.008690600476903265	0.01006018129757544	0.010115849833344955	0.010150887107239758
544.0	0.008467242754467384	0.008920765858756341	0.010345908946270051	0.010411410460755067	0.010453939259062258
545.0	0.008553255691549825	0.009014314202086962	0.010475500926940015	0.010583351249405253	0.01065956552631951
546.0	0.008660832513292551	0.009132226366145968	0.010607040226348822	0.01065347906705585	0.010680384204015366
547.0	0.008676912819915594	0.009173271701781059	0.01073118377121817	0.010796740437982738	0.010838385286344133
548.0	0.008404550428351965	0.008913336402451106	0.010511777057421111	0.010584060289296288	0.010630812343151483
549.0	0.008688383435935403	0.009233275908211547	0.010933952229382546	0.010973993069266797	0.01099419204603039
550.0	0.008639635587879611	0.009196831605841964	0.010947815881556756	0.01102849484738747	0.011080908680444918
551.0	0.0088782390480289	0.009423398433609856	0.011140304647294328	0.011231744473812885	0.01129302006492038
552.0	0.008939005927163193	0.009535336569650419	0.011398395128952658	0.011448347186703041	0.01147535364097032
553.0	0.00912324023050095	0.00971557715303353	0.011574004714194187	0.011649805099797688	0.01169755823715729
554.0	0.008911515321371952	0.009538382409171329	0.01150377298681471	0.011579408165028069	0.011626281162547764
555.0	0.009100046764590825	0.00970822869816508	0.011615950399345104	0.011692380904918753	0.011740294406812483
556.0	0.009179888644398785	0.00985972233527816	0.011981648203704435	0.012031876630424194	0.01205729489788856
557.0	0.009358960615612826	0.010004862409718485	0.012032663926792203	0.012119713177615501	0.012175296878100613
558.0	0.009517567275807902	0.010190519024764822	0.012299496858507763	0.012377688822467222	0.012425606999452506
559.0	0.009595167535764155	0.010314082276558605	0.012556826433199782	0.012606060849271608	0.012629837933239052
560.0	0.009166192974147495	0.009926819950677885	0.01229696082262794	0.012339942392480182	0.01235781798440836
561.0	0.009613174750137172	0.010343392155618086	0.012619486191647857	0.012663120319856088	0.012682176311361213
562.0	0.009690885415306355	0.010437569004044417	0.012767346725367964	0.012819834941376188	0.012845611127198451
563.0	0.009752340615106714	0.01054457472184465	0.013015435215588454	0.013067646643235745	0.013092214749642768
564.0	0.00998557778763785	0.010756321621375567	0.013161750064387226	0.013217860830644032	0.013246011201105598
565.0	0.010226816878233848	0.011054364717209686	0.013644359114089124	0.013728916331350689	0.013778572847750066
566.0	0.009877657038899954	0.010705205298389983	0.013299102315071268	0.013396678230198822	0.013456740376711058
567.0	0.010118197425561179	0.010973378333674039	0.013642577245441566	0.013705666812885887	0.013737565909012215
568.0	0.009806480276305634	0.010691714236975703	0.013451523670692592	0.013506180699057823	0.013530688704033152
569.0	0.010150633207471189	0.011021223669107565	0.013737099216712734	0.013796587658519427	0.013825274585642816
570.0	0.010303452854073959	0.011204897621603906	0.014009244322498808	0.014044874826461785	0.014053824026204286
571.0	0.010450078885155699	0.011340784032006196	0.01412216964245501	0.014192245091519637	0.014228958263714113
572.0	0.01006696378638959	0.010972946674572945	0.013807396414156464	0.013896548992384369	0.013948179221545893
573.0	0.009893539058167405	0.010795123295011593	0.013610907799789636	0.013683263974681538	0.013721564400614528
574.0	0.009947879576874149	0.010850618215251144	0.01365190670925794	0.013663951040067415	0.013654020153090996
575.0	0.009966643964560928	0.01086191544824755	0.013655153796186661	0.013717558051876431	0.013748040831313707
576.0	0.009616357337119224	0.010582296852200345	0.013577289016515311	0.013582117637865774	0.01356505010850958
577.0	0.010010013421602914	0.010924995491449109	0.013783748312870015	0.013860933354302024	0.013902803154341078
578.0	0.010421930332264635	0.011339873217746951	0.014199803280734174	0.014250296856968528	0.014270768445407237
579.0	0.010278842931098073	0.011241465625145988	0.014252788833070093	0.014346416064332027	0.014400395717866594
580.0	0.009847887818563994	0.01087796205794347	0.014070676205981162	0.014072040721172067	0.014050814914979268
581.0	0.010360159497644867	0.011398576315216518	0.014640118930548228	0.01471814784337556	0.014758017936549695
582.0	0.010181575875580058	0.011186368704791292	0.01429882338676536	0.01429381495565299	0.014268043073250088
583.0	0.010302543677571304	0.011294849945319053	0.014365306972064043	0.014349284675451329	0.014314980104545807
584.0	0.010129972440214768	0.01116437541927424	0.0143686906271375	0.014364001341440747	0.014337843046337222
585.0	0.00995626290137458	0.0109348424004485	0.013970587062689553	0.013980687837790787	0.013967560413739121
586.0	0.0101358417310283	0.01115786175412285	0.014309764230379001	0.014258234392351044	0.014194905460066113
587.0	0.009956535906576892	0.010926345040934851	0.013924448892134211	0.01389964269741919	0.013858804693534796
588.0	0.009330829546960028	0.010374926544071376	0.013585408345032642	0.013501043988730374	0.013410992650107109
589.0	0.009421945494918652	0.010399588247500516	0.013424550713660666	0.013408358723461009	0.013374236202452136
590.0	0.00999915420771819	0.010932303469186319	0.013812876428512167	0.013774995191519404	0.013724500745209934
591.0	0.01010492253092449	0.011093937682511395	0.014143151859150138	0.014090277792329848	0.014026589486071016
592.0	0.009196586249146564	0.010187540918341198	0.01324510856141703	0.013200052026740268	0.013142570130712202
593.0	0.009545011306902908	0.010538912201132183	0.013595691940726483	0.013517537117871301	0.013433536454075625
594.0	0.0096722459681565	0.010671535106784783	0.01373731572335936	0.013633473129913164	0.013528823901730103
595.0	0.009239343112273217	0.010194829772541639	0.013135426547841077	0.013066837834655417	0.012991315451029018
596.0	0.009296200613618133	0.01022567821798639	0.013109077726372098	0.0131185999498011	0.013106073885505951
597.0	0.009418396575403418	0.010332200793287658	0.013161845855355889	0.013154078985859524	0.013128073585252018
598.0	0.009333169553620289	0.010312370366112884	0.01330197555283196	0.013151682912534449	0.0130103421079584
599.0	0.00941124426139486	0.010432664719407514	0.013551609907447151	0.013396301738517226	0.013250037417367298
600.0	0.009024861193088846	0.009960700020037355	0.0128225655956865	0.012694442758212325	0.012571761358855732
601.0	0.009463436427521229	0.01046098106824774	0.013525693800935832	0.013436328783895389	0.01334328904784507
602.0	0.00951880753299336	0.010410111589469874	0.01314842987268995	0.013068595359483274	0.012985474894741706
603.0	0.00959821766430552	0.010450953703671254	0.013095782074558268	0.013102831036838935	0.013089990731471114
604.0	0.008825295633472594	0.009817894264565537	0.012828498131174782	0.012609721545218194	0.012413352343880737
605.0	0.008966863236530963	0.009902886988760283	0.01274113672542617	0.012532295141493226	0.012345092518542418
606.0	0.009273307069666798	0.01018554520773124	0.01297719819077837	0.012858847340740215	0.01274448784267461
607.0	0.009062158289866111	0.009980138913613152	0.01278239904134395	0.012640057048663098	0.012506397399449191
608.0	0.009207974037011873	0.010033969003315657	0.012563793268248547	0.012463621447255427	0.012365660608178864
609.0	0.009084988044051757	0.009921797423368116	0.012454438948341452	0.012251828537337674	0.012071755860621253
610.0	0.008640570765363734	0.009531381865466537	0.012228021844172016	0.012014204346516864	0.011824004081434742
611.0	0.008685171880986605	0.009519893753698182	0.012060580186151117	0.011906404114369473	0.011765089464382516
612.0	0.00857744100991148	0.009490114857773645	0.01220898542379257	0.011843252850880927	0.011531155615216405
613.0	0.008619015355421152	0.009444211816687463	0.011951014259516854	0.01178227625599478	0.011629528851276686
614.0	0.00853329010999383	0.009302310430791749	0.011656316783456503	0.011558655487625016	0.011463935620815338
615.0	0.009140739373026811	0.009936085365198397	0.012360929644099863	0.012227402141707339	0.012103444640701545
616.0	0.008653061890623955	0.009365906198769225	0.01151801962706994	0.011327597107944764	0.011159951709723425
617.0	0.007944354708922546	0.008715763521538479	0.01108532026001488	0.011014849547850604	0.010941810937969358
618.0	0.008760693423923348	0.009497139888742687	0.011763920583358428	0.011712056626218777	0.01165464755675074
619.0	0.00836565980433722	0.008946913370913497	0.010757869846765395	0.010789879807287775	0.010802872070140255
620.0	0.007981108587439924	0.008838545278215813	0.011415469347992495	0.011147307917795059	0.010914394459816531
621.0	0.008126857200637307	0.008842009540192318	0.011010200111159045	0.01084955807516987	0.010705665742728188
622.0	0.007836379893827544	0.008626267488808495	0.010993619621587054	0.010724689421055261	0.01049262494067617
623.0	0.008051358716452576	0.008803695299771014	0.01108755153570446	0.010928337352694347	0.010784780688070995
624.0	0.00811139023676462	0.008969133764142753	0.011480260139584838	0.010989357931361002	0.01057840464535051
625.0	0.007932217794168063	0.00860405088242699	0.010618254362104937	0.010391752088428168	0.01019615721650426
626.0	0.008616550412833275	0.00928899465673739	0.011312669618826439	0.01111145343524795	0.010936056094624664
627.0	0.008543017307229388	0.009216393576681622	0.011228829526165033	0.010980469875088822	0.010767371314391335
628.0	0.0082457001540965	0.008837854411733227	0.010622358099909504	0.010453362762251957	0.010305458507591011
629.0	0.007794243776660699	0.00838017201145267	0.010159492828722394	0.010037590037387875	0.009927460996100692
630.0	0.00817968760144806	0.008771314669608685	0.010575227981380024	0.010476454800647706	0.010384689426705482
631.0	0.0077041367970599696	0.008203699430961692	0.00974767883111629	0.009733609585975621	0.009711541293451495
632.0	0.008139219774341462	0.008824082931588805	0.010871572963263312	0.010621394737418395	0.010406593756486325
633.0	0.007163213814063868	0.007786103829671901	0.009676748926601213	0.009544087339429233	0.009424558189896922
634.0	0.00718688246644184	0.00780169977126068	0.009605168897069215	0.009265086062268267	0.008979943284960478
635.0	0.008018555591331538	0.008626874445875994	0.010439522555648409	0.01019727542185936	0.00999047196106928
636.0	0.007002384991719735	0.007683859713148226	0.009693719094819793	0.009353009206163207	0.009065921109147074
637.0	0.00751405505463056	0.008050846015341645	0.009661420870606957	0.009484575787856138	0.009331596795636702
638.0	0.008229115852555268	0.00873614932987239	0.010247042521746411	0.010045302829843348	0.009873070662956647
639.0	0.007485730964335685	0.007900620992262774	0.009182040008240763	0.00916746582335866	0.009146828362971789
640.0	0.0065963387952598556	0.007038396518777979	0.008420091292379854	0.008459177099079545	0.008480840635952369
641.0	0.007658619818297134	0.008073029652952967	0.009340483403124072	0.00928427303496891	0.009230366835266708
642.0	0.007336734516476854	0.007779887795082052	0.009130182320189301	0.009053155314293187	0.008981987981798787
643.0	0.007935347853740482	0.008411935756047331	0.009849282030444662	0.009716975600542285	0.009600899941578112
644.0	0.007922850466252105	0.008338306464879925	0.009574523723612156	0.00940325774417447	0.009257366749382065
645.0	0.007273004044549492	0.00773069746069542	0.009100777949086512	0.00893940663356952	0.00880050921813145
646.0	0.008085404030599961	0.008358346172975878	0.009189166703646676	0.009138928438058759	0.009092860527215293
647.0	0.007610462377842779	0.008068953545680978	0.009433576015793603	0.009245741134750593	0.009085674526842736
648.0	0.007264091942397551	0.007629678942233799	0.008741743614245456	0.00867191115124825	0.008608174767808894
649.0	0.007992932739453545	0.008317872382068622	0.009329602638537342	0.009345317525918518	0.00935083840694415
650.0	0.007904906054421585	0.008164722126775015	0.008965325695085093	0.008949999453140773	0.008932120545353967
651.0	0.007343784596800393	0.007759485765978701	0.00901489853972654	0.008905152640173252	0.008808428360413371
652.0	0.007465434543197103	0.007774350788062721	0.00871005055840025	0.008637760643148204	0.008573287822572743
653.0	0.006597933424228953	0.006947563789868431	0.008015741790392352	0.007964478292741098	0.007915929488174307
654.0	0.007439149965940606	0.007664150735552558	0.008372187232215632	0.008408014359274631	0.008431775799735421
655.0	0.006295289420286663	0.006601780575966973	0.00754325664796919	0.0075153218245540025	0.007486353866388021
656.0	0.006528698485100113	0.006784483700953634	0.007579564891860314	0.0075874963369002525	0.007588294258293744
657.0	0.0069728733204884995	0.007307843662084988	0.008307537013251503	0.00817934968545856	0.00806963448809943
658.0	0.007267093734976243	0.0075617751611957345	0.00848221284852306	0.00850620592337501	0.008518998969468302
659.0	0.007203643369648342	0.007468372085609424	0.008251398391426946	0.008126611315210336	0.008021135662122777
660.0	0.007271341568330664	0.007454880519339638	0.00800757631402248	0.007953817115288255	0.007906871888285807
661.0	0.006635628266067517	0.0069449774900157924	0.007854487169740059	0.007690322820561042	0.007552406837704477
662.0	0.006922183120686326	0.007193668055480509	0.008001565168177861	0.007889901166075028	0.007794768205779957
663.0	0.007407050555767496	0.007630950316964921	0.008307919977422177	0.008251463094524522	0.008201487238834182
664.0	0.006699093076225323	0.006980913006161374	0.007804951904600348	0.007640271391798202	0.007502539266598717
665.0	0.006448373619849339	0.006753394295347024	0.007624434213887757	0.007376660570676509	0.00717201077915951
666.0	0.007537614965167488	0.007765935446164077	0.008428047845277684	0.0082762942283659	0.008150053426240573
667.0	0.005604343254059889	0.005868128111570148	0.006640813691684736	0.0064912804850318535	0.0063660460897092845
668.0	0.005333936261521611	0.005648073661002964	0.006547383842648066	0.006299665489325777	0.00609486237719356
669.0	0.0069614976822083285	0.007186413018496501	0.007856678756456419	0.007767347962967976	0.00769107450817702
670.0	0.0063135633134678276	0.006432605972795959	0.006815371563925653	0.006861557083291344	0.0068958933932998364
671.0	0.006532312277089515	0.006812101175957641	0.007614836858809335	0.00740007167146815	0.007222351660208712
672.0	0.006269241968887462	0.006607146886295298	0.0075676362804599	0.007278276275672426	0.007039674729741193
673.0	0.005935139217113486	0.006144914168145168	0.0067666189151776605	0.0066718173691772695	0.006591499243056547
674.0	0.006074892120088599	0.006299460676740414	0.006969961004401504	0.006884999254071526	0.006812225419191507
675.0	0.0061403389003290695	0.006318013453386297	0.006856118182576189	0.006814316393277482	0.006777055585865291
676.0	0.006234457653619949	0.0064290340037274135	0.0070220279116773926	0.006988597952855394	0.006957662441588561
677.0	0.0062029214117928855	0.006383671248969189	0.006919448962069003	0.006838078126860658	0.006769123781295437
678.0	0.006344233345100484	0.006471799768977274	0.006857728008311054	0.0068263167981277165	0.006798446603266499
679.0	0.005897149153642166	0.0059553535412929445	0.006136879369429694	0.00614069906942324	0.006142491104447413
680.0	0.005965932344409247	0.0060377073998366315	0.006246085280418197	0.006199166294847899	0.006160109694120282
681.0	0.0057208848426732635	0.005918925103951999	0.006489320706093798	0.0063446570678506314	0.0062247391908495445
682.0	0.006510614485127147	0.006607343830420449	0.006858586252782943	0.006696636054359798	0.006565096192991018
683.0	0.006042159991996794	0.006208553637327829	0.006710701297454738	0.006665574565114479	0.006625900582912595
684.0	0.005751499574408656	0.005963436915408797	0.006569374574025274	0.0063995952111673545	0.006259301654103042
685.0	0.006260043831874283	0.006436049903624776	0.006967500208614238	0.006920747543713204	0.006879565727223228
686.0	0.006508425465861311	0.006627505456623269	0.006971562753342836	0.006888192252459381	0.006818975676098987
687.0	0.006187303737966216	0.006360177473577204	0.006867134116409618	0.006771039640199812	0.0066904875561421134
688.0	0.005835916263862673	0.006007603331322612	0.006484583474137146	0.006300729289320183	0.006150057967379438
689.0	0.005886866386876945	0.006077281578618473	0.006622205638743245	0.006471399680153835	0.006346737539960077
690.0	0.005933469675768227	0.006002688769168637	0.006203983917972809	0.006159862866117273	0.006123097984175416
691.0	0.0060830033523263	0.00624544947562627	0.006704161286872414	0.006554912924060567	0.006432101692290341
692.0	0.00537158524630926	0.005575523388444917	0.006150992861535229	0.005962266420903213	0.005807002065983614
693.0	0.005173247322977968	0.005332344290047541	0.005793722502754027	0.005688007946779449	0.005600065157153004
694.0	0.005940924369485337	0.006033305246209832	0.006293830726114699	0.006207828840603014	0.006137087473371036
695.0	0.005843636252419618	0.005948277625407936	0.006232979872972403	0.006100861280804508	0.005992993937146337
696.0	0.005316486702200581	0.005433804245408253	0.005749712736803834	0.005590636037553686	0.00546094687746397
697.0	0.005751524681876698	0.005835714504264659	0.006055271308655036	0.005917266242259536	0.005805137013404381
698.0	0.00587992340857501	0.005954476871076578	0.006143198040321789	0.006001950850625118	0.005887439014573829
699.0	0.005540391465115898	0.005613739772843397	0.005818316321183784	0.00574244204951051	0.005680207862237339
700.0	0.0058179493415077745	0.0059142384212886165	0.006168632061926901	0.006021750551139242	0.005902264391646806
701.0	0.005613420398287505	0.005703558841846132	0.005943378983687863	0.005811473795575387	0.0057040912267126665
702.0	0.005526247658950731	0.005575817379948359	0.005708455957421479	0.005638435814894568	0.005581395900858275
703.0	0.0058497613819156	0.005890190145991202	0.006001183589755217	0.005953466812537891	0.005914451663438573
704.0	0.005517853584968721	0.005543473646387982	0.005604054340564523	0.005541257368986211	0.005490509687918075
705.0	0.005822879855679271	0.005921791894048064	0.006183956666100491	0.006035881554628073	0.005915384542886151
706.0	0.0056815969497663165	0.005686511303682368	0.005698630681072801	0.005688250781944623	0.005679847824583132
707.0	0.005717525294979934	0.005753105325911115	0.005827018720901085	0.005705709752131795	0.005607978575680017
708.0	0.005421907671497807	0.005465319290956874	0.005565821253322031	0.0054522463519746725	0.00536052722274647
709.0	0.005355697483676603	0.005418721940881892	0.005578999827591792	0.005462066993127057	0.00536723901113614
710.0	0.006027770870928849	0.006049100595424827	0.006082947500233562	0.0059753091866551755	0.005888813479980912
711.0	0.005414309566070285	0.0054343839499975816	0.005475328352609078	0.005404356799984289	0.005347195452062134
712.0	0.0055233560436358875	0.005560211347607462	0.0056302068303817855	0.005482635192835483	0.0053638850519914
713.0	0.005415221586393716	0.005420510297127294	0.005408098822272933	0.00531198769652648	0.0052350530154285065
714.0	0.005537803877506932	0.00550354624999759	0.005382332632272638	0.005332125457706001	0.005292737845657542
715.0	0.005693659178412302	0.005648876899119466	0.005497778436342191	0.005456688417482984	0.005424816019193597
716.0	0.005510878947618344	0.00547099507962077	0.005330958178785796	0.00527612260943585	0.005233157486516766
717.0	0.005832192029052159	0.005796895187329256	0.005668911679579011	0.005606860622152682	0.005558028896384019
718.0	0.005650274032496983	0.0056345442538194785	0.005560077643769327	0.005474255596669299	0.005406000176623432
719.0	0.0058058340910788035	0.005753104960662306	0.005574522652886341	0.005523903013191264	0.005484585907364539
720.0	0.005494925991703479	0.0054757408670884624	0.005390158678478718	0.005302978093391098	0.0052337116750835995
721.0	0.005521816164700908	0.005512686320686205	0.005449732178376884	0.005334072558166279	0.005241825451055272
722.0	0.005994683527181514	0.0058873486025447196	0.005543165126925862	0.005504651443171418	0.0054761934648643205
723.0	0.006054028889655658	0.005956022345116378	0.005635800104636198	0.005580773666556658	0.005538915206622241
724.0	0.005492848935649629	0.005384869293404694	0.005035583175513911	0.004986709372315786	0.004949984682087037
725.0	0.005649142412879014	0.005527170058786335	0.0051223722345076295	0.005032964254099461	0.004964144387767142
726.0	0.0054554611243849424	0.0053536602373391055	0.005035151509011494	0.005025083106478399	0.005019241097117484
727.0	0.0056380792357705965	0.005538551469871392	0.005213364910061083	0.005157504516432731	0.0051150124460556876
728.0	0.005307260374967721	0.00523520100008221	0.005001874213496147	0.004968479929921914	0.004943349566278122
729.0	0.005580843733954733	0.005512498309644361	0.005290310164461474	0.005255676970755183	0.005229475903553541
730.0	0.005232165162858426	0.005130764133111201	0.004796329261452796	0.004728979917569413	0.004677345494988625
731.0	0.005779826241480624	0.005716639010010734	0.005505643839547931	0.005455017067069803	0.005415920833705629
732.0	0.005172978246710329	0.005141927971229465	0.005014406047689935	0.004909978369284312	0.004827183679230411
733.0	0.005401109173465781	0.005365291495849224	0.005221061876649527	0.005110183686117388	0.0050223364890202805
734.0	0.005253405556231619	0.0052006250037844445	0.005030319177170399	0.005007849976331789	0.004991034184967596
735.0	0.00535297898506895	0.00528186533330535	0.005041752184530312	0.004975931327897808	0.004924862428366419
736.0	0.004800503662951409	0.004744107666764416	0.004555399839633066	0.004508912896934884	0.004472978432549021
737.0	0.005418665611086928	0.005449776667681181	0.005502701064437954	0.005357568519752967	0.005240892355711921
738.0	0.0052261273482881124	0.0052271708240756625	0.00521541424574449	0.005165391595891981	0.005125386677043279
739.0	0.005163522590345223	0.005180958627460459	0.005209417580031514	0.005124067015834833	0.005055469910871538
740.0	0.005104759847054092	0.005176728014603698	0.005335153541711585	0.0051195458496145355	0.004945654850284228
741.0	0.00524546649950556	0.005275136518974857	0.005316178843754476	0.005146298513379055	0.005009873055591636
742.0	0.005036036653045819	0.005068106764979611	0.005148624195012454	0.005085651544799192	0.005034623706892825
743.0	0.005103274035379312	0.0051402258196736016	0.005217309298556729	0.005092392559417575	0.004991748030215116
744.0	0.004838265011729992	0.004871491524180568	0.00493282149910786	0.004793860909760759	0.004682072060800706
745.0	0.004827420640735592	0.004877509174669801	0.004987666222938148	0.004837259495232632	0.004715956615136489
746.0	0.004932250217344548	0.004955957156276259	0.004988604803084329	0.004852379920446786	0.004742983919090259
747.0	0.005091058945980756	0.005097607754043117	0.005074733488211617	0.00493067629765329	0.004815391785472553
748.0	0.004884189317562768	0.004914694806571991	0.00497149235489155	0.0048455471226334325	0.004744220193385927
749.0	0.004908507962414266	0.004904551873606358	0.0048565434061740706	0.004737251982464241	0.004641989943358935
750.0	0.004891226045452652	0.004888551484435248	0.004847167902522393	0.0047367305648098245	0.004648517692426299
751.0	0.004826842157878361	0.004829612564396266	0.004804315969044074	0.004691250644891832	0.004600819299898148
752.0	0.004641046355657775	0.004620984669760922	0.004524741163045926	0.004411048732256727	0.004320610805545552
753.0	0.0046867622199630605	0.004697932205285595	0.004689838472562015	0.004547313034772676	0.004433152711010138
754.0	0.0050029916277417805	0.004977597281338969	0.004869771600464184	0.00477257834046317	0.004695443471511439
755.0	0.0048501215126691664	0.004823923140078333	0.004708921404042787	0.004596096586989868	0.004506485080870319
756.0	0.00492416985503996	0.004887693833253379	0.004748005664212087	0.004659090712484152	0.004588812647629544
757.0	0.005039219774992102	0.0050138449239323655	0.004896184197451858	0.004765969679247548	0.004662441018598509
758.0	0.0048123372105441115	0.0047840662509921195	0.004667048884072746	0.00456893202961016	0.004491121267691434
759.0	0.004821029194012595	0.004797842897299427	0.004694934283847685	0.00459131424250128	0.0045089947117089545
760.0	0.004739674565048129	0.004731007766808462	0.0046631541917725484	0.004526356340153584	0.004417203747114092
761.0	0.004785940082929481	0.004779671900963161	0.004727715852079966	0.004619162353854119	0.0045325330599540565
762.0	0.004810181989284691	0.00479862716526331	0.004727361678182342	0.0046090454485643905	0.004514727492404137
763.0	0.004856440773752314	0.004864523915374602	0.0048452697777642065	0.004697425295701161	0.004579080420134412
764.0	0.004691667976481842	0.004706919282512343	0.004711692372862952	0.004569895712888208	0.004456229468349913
765.0	0.0046249601858963825	0.004638091541286312	0.00464015909294227	0.004511257986029328	0.004407944881550177
766.0	0.0045655074529313755	0.004580868845252811	0.004589114062442856	0.004457765428735005	0.004352447741296848
767.0	0.00473210436435082	0.00474943586775495	0.004764124683773539	0.004633904052368312	0.004529445277113563
768.0	0.004539297825298525	0.004566529757426511	0.004606464898313517	0.004458103868996773	0.004338931268940447
769.0	0.004670273577482325	0.004714973346174923	0.0048076634784251825	0.004654698647304866	0.004531467862588546
770.0	0.004627854373962051	0.004665545484840429	0.004733517327938696	0.00457054900085442	0.004439474421833731
771.0	0.004676453253946963	0.004715203329861055	0.0047835732448896495	0.004610981756006334	0.004472192593630541
772.0	0.004713222438311252	0.004744397720391765	0.004799839156673682	0.004662441724827034	0.004551946722589974
773.0	0.0045248872182265965	0.004569415942938578	0.00466002287833927	0.004501875275540802	0.004374505689035022
774.0	0.0047578182882523825	0.004787804370899896	0.004826335783542291	0.004644807823560518	0.0044990657521386665
775.0	0.004897091085477607	0.004926202115907924	0.004965481033767583	0.0047954970790002405	0.004659000906264729
776.0	0.004843687815015188	0.004873104328996525	0.0049060048600633776	0.004711576928880429	0.004555536454187228
777.0	0.0047530357215922105	0.004766421831678098	0.004751501036928462	0.004563275054155366	0.004412538995612091
778.0	0.005004191185448141	0.004981200427590613	0.004858962737977376	0.004688819182101057	0.004553324222138745
779.0	0.004924636698793752	0.004881035348465886	0.004703623461717584	0.00456251235022042	0.004450669089967173
780.0	0.005167272383201719	0.0051031943586563	0.004865611445889856	0.004735473395460154	0.004632844354224209
