Wavelength in nm	0.5 ps (0.45 - 0.55 ps)	1.55 ps (1.3999 - 1.7 ps)	19.9 ps (17.9886 - 21.8 ps)	98.4 ps (89.0312 - 108 ps)	487 ps (440.635 - 534 ps)
335.0	0.025474574790847096	0.028767312854502278	0.03426683002844578	0.03554205317872481	0.035192555660703714
336.0	0.023839327371362483	0.02702612844000242	0.03232884609535502	0.03285686832758849	0.03190089909362698
337.0	0.02412995706670184	0.027071235324351916	0.03306394752030637	0.0337773600367556	0.033035343714299316
338.0	0.025235829001211255	0.02759976420916597	0.032768228982214494	0.034529431864583654	0.03284349735119166
339.0	0.024392702787438374	0.028026510963186594	0.033727903820030214	0.03487485420549137	0.03459536985762013
340.0	0.02551056441021072	0.028019004877825594	0.033380505100989256	0.03395205495057963	0.03362136118189337
341.0	0.023506184272203145	0.026163611099384986	0.030804385068344393	0.032292028291352894	0.030608951641462868
342.0	0.025826418195379612	0.02747864666839227	0.03189524505611284	0.03297320014028069	0.031659150733985
343.0	0.022749595938433634	0.025891079341739464	0.0307221773866183	0.031176794830789823	0.031048431758291733
344.0	0.02252656216790771	0.024875863997419118	0.029750162564466387	0.029725478426657913	0.029533201265725815
345.0	0.02429592617505075	0.02594970231810149	0.029420507877941343	0.03016748929497644	0.02951427241312179
346.0	0.023893237443967253	0.02601358021109251	0.02892164450955385	0.029210891885614775	0.028701811082025224
347.0	0.022121200970303262	0.024181726035884504	0.027552562919475738	0.02762417174813453	0.02782111117797788
348.0	0.022434428396415573	0.02372567143750019	0.0265553428718342	0.025648303551516333	0.025649001965757794
349.0	0.024259432807608693	0.025638037657825463	0.025971005376174503	0.027732048922063667	0.026457470965445224
350.0	0.02433357808288286	0.02531748002881586	0.027108928948878116	0.0274841186401947	0.025601653792298996
351.0	0.02241881580948634	0.024168077827426467	0.024041919719065958	0.024506128200138536	0.02475479156137345
352.0	0.02408455350987315	0.02449811909829025	0.02425388989872505	0.02400220046052241	0.02395173329249131
353.0	0.023887109136247878	0.0249763340412076	0.023594886697940007	0.0250389675761649	0.02595143012076148
354.0	0.020073708849137787	0.019174009784802704	0.018445393266018944	0.018555392760610186	0.0165618545691056
355.0	0.02014825777985047	0.021366589037749118	0.0195884120323728	0.01971831327390509	0.019454912139834954
356.0	0.022686190677352155	0.022352665764008562	0.02128441260589593	0.018601106235190276	0.019892104247021262
357.0	0.01747671723166019	0.019903879024201883	0.01795895531711258	0.020038361223992617	0.016558159283142023
358.0	0.020537349844878414	0.02071793846379289	0.01922261401617648	0.014698943354204186	0.01621798671201542
359.0	0.023203739522913207	0.022635230540941104	0.020355847088320462	0.020563495508366985	0.01951111659364653
360.0	0.023834932493702103	0.022833263257587926	0.02142296346201968	0.018850287163921446	0.021763255249965575
361.0	0.02347359269497097	0.021032388830626265	0.016024829283215646	0.018939744674434943	0.018008119927105912
362.0	0.016782290752013568	0.01801428682317258	0.014221277298114789	0.012050634070153091	0.01111259131422101
363.0	0.022152264813081045	0.021605227143904088	0.018076181609436803	0.015407241239568966	0.015047520875024416
364.0	0.02021817741707659	0.017704722649600307	0.014650033002164114	0.013482043800608337	0.012415798618499752
365.0	0.024630015644106443	0.0224588691044468	0.016815148486531987	0.01721369244323023	0.016595366436285893
366.0	0.023026258431568098	0.02046458437756632	0.016474335376546325	0.015089465502851574	0.013636812618538502
367.0	0.022225637053441136	0.019862645623431482	0.01373141101753877	0.012794967118239313	0.012918127945651519
368.0	0.019693978476265486	0.018964638239535692	0.014577540223204013	0.01281250072714773	0.012622765233868733
369.0	0.025091840472345098	0.022986478409745343	0.01631009759554435	0.015951158902809025	0.015253926204703576
370.0	0.022831087177732197	0.02104181291543314	0.015025286948201653	0.013709022439327664	0.013162300541302319
371.0	0.024125139994937893	0.021941017798636737	0.015056906940094527	0.01456071933001766	0.014231553873093388
372.0	0.022195112422727276	0.019466199773792287	0.014996181199768192	0.013149388854710809	0.012980269687850538
373.0	0.022815413641050136	0.02104831295523048	0.01479093915720346	0.014600698863618915	0.014048057266292205
374.0	0.022593942859339633	0.01919498237191745	0.014685241096840032	0.013882253810812845	0.013106213178099112
375.0	0.021007305613548216	0.018001142815057856	0.012432944625058276	0.011342904513337068	0.01148499436259478
376.0	0.019161209563157228	0.01660026457607967	0.011587436725659124	0.011040220817000979	0.009979390941972468
377.0	0.02142719701523049	0.018986237879427142	0.012377466760997255	0.013036189679130762	0.012637493628546858
378.0	0.01847029093983259	0.015951371053284157	0.010931832284927112	0.009651418176609207	0.009844868453886243
379.0	0.0	0.0	0.0	0.0	0.0
405.0	-0.03189882749101057	-0.032853359727346494	-0.03396460096827509	-0.03413082894696939	-0.03230780530791208
406.0	-0.0332093085121475	-0.033827096406989034	-0.034384341314842505	-0.03401027005140122	-0.03364289777279164
407.0	-0.034726001910252886	-0.034799765457952984	-0.03604566011522752	-0.03558065192286625	-0.03477488369359231
408.0	-0.037070972807980135	-0.037793441791086825	-0.03806619654979255	-0.037771535134207376	-0.0373325303714507
409.0	-0.03794433041046463	-0.038479174798123024	-0.03921596344676833	-0.03841372741032794	-0.037925568216138156
410.0	-0.03952071520416474	-0.039789875321600526	-0.040634226873125436	-0.039875991398854484	-0.03900396123282638
411.0	-0.04104985171462779	-0.041268738387721125	-0.04160042941634321	-0.041442904511453195	-0.03989378647453225
412.0	-0.041495868950710765	-0.04201559037821278	-0.04198244767854654	-0.0416170913521142	-0.04080306135793325
413.0	-0.042315822561831015	-0.0428816962317474	-0.04318325081262466	-0.04227718462429666	-0.04160396682435233
414.0	-0.04332557140143413	-0.04402958966468814	-0.043933617841545425	-0.04358391446743967	-0.042490110632028656
415.0	-0.04369662289631819	-0.04428417471033036	-0.04484991217040935	-0.043976162808730256	-0.04292106343523653
416.0	-0.045041237468918145	-0.04607784200481082	-0.046242406141659885	-0.04535271009166748	-0.0444690647711373
417.0	-0.04567190719010016	-0.04593864056130089	-0.04656597346991712	-0.04558268796287718	-0.04455569951746957
418.0	-0.045938099984680805	-0.04656710285311244	-0.04735181462485812	-0.04592880717492054	-0.045392351914809344
419.0	-0.047859720764881084	-0.04784002356760503	-0.047997934011819766	-0.047044063886309224	-0.0460171474180045
420.0	-0.04885094599490545	-0.0491800691041255	-0.04891572405387623	-0.048003838418742235	-0.04712764451797918
421.0	-0.04875306515450473	-0.04933557363269089	-0.04946906051011216	-0.048383285274494675	-0.047607223020857646
422.0	-0.048482756653975854	-0.049302567307790035	-0.04924482294052577	-0.048252070720277686	-0.04729998168822267
423.0	-0.04982059765637899	-0.05014525050780144	-0.05038282268827777	-0.04983138470894299	-0.04895542043981633
424.0	-0.049425089488185955	-0.05008227805269631	-0.05081071152938211	-0.04996208592847626	-0.04920948610043866
425.0	-0.05007497343945245	-0.050316420256032855	-0.05097487644529491	-0.05013721147376076	-0.04927119331620831
426.0	-0.05064413352285481	-0.0511585696581979	-0.05185690108200164	-0.05104565141286211	-0.05021792416253318
427.0	-0.05269962115719197	-0.05276027181425741	-0.053794398037753634	-0.05307309452344481	-0.051596622209301
428.0	-0.05175456651336339	-0.05197842108500966	-0.05290407406281524	-0.052273869959962214	-0.05080577767586721
429.0	-0.05132766355262523	-0.05206242036519829	-0.05257028060935178	-0.05186131589945686	-0.050750719692445045
430.0	-0.05274319329697037	-0.05303254103976735	-0.053688475080507995	-0.052874311439699846	-0.051790370916251056
431.0	-0.051975305633286686	-0.05273618535135446	-0.05339698504178784	-0.05294027598768311	-0.05185745587478421
432.0	-0.051344963783275396	-0.052080042496880696	-0.05228535143302712	-0.0520062810072919	-0.05122217304262633
433.0	-0.05196518794268454	-0.052829341654331154	-0.05362099705068166	-0.053086328033039	-0.05178012639798213
434.0	-0.05184274606703735	-0.05270922533646677	-0.05369032709498776	-0.053155826390155037	-0.05207416286327882
435.0	-0.05158620003172017	-0.05251132470632838	-0.05416420379435516	-0.0535520122959832	-0.05235809827759094
436.0	-0.050973830365621274	-0.05180878672719902	-0.05352382815007226	-0.05245602932544874	-0.05191233846072842
437.0	-0.05150943847994281	-0.052210316766640875	-0.05372039580542317	-0.05270586959392582	-0.0517774266270648
438.0	-0.05137395960061775	-0.05189652695940828	-0.05375683183479962	-0.05275876662411418	-0.052078664417769926
439.0	-0.0504679726159871	-0.0515544986801919	-0.05338452544906966	-0.052396814964132586	-0.051230612098914906
440.0	-0.050671158027200416	-0.05163559000244177	-0.05330667771119951	-0.05264732191371396	-0.051744181818186824
441.0	-0.050582932427871145	-0.051642499237166246	-0.053465185269762565	-0.052474898570647625	-0.05151299839105165
442.0	-0.04997573291648439	-0.05083795112207856	-0.052569369030525115	-0.05163353337060158	-0.05068050460201601
443.0	-0.049099500111405625	-0.05045763983011107	-0.05205759607770858	-0.05116050595378155	-0.050259384103260425
444.0	-0.04929061510215604	-0.05113320607642976	-0.052406605726219725	-0.05165229374576805	-0.05082609899135707
445.0	-0.048568889332258336	-0.04997226704182414	-0.05189560156188892	-0.050740059599148624	-0.04991576619979337
446.0	-0.04861296401188804	-0.049391250987891745	-0.051557718345689084	-0.05070418814684006	-0.04995339605824128
447.0	-0.04781510100168038	-0.04925096537780555	-0.05130364584038915	-0.0502483508204794	-0.04918785881410187
448.0	-0.047604206237050445	-0.048918481143335975	-0.05117541821553251	-0.050425042729210175	-0.04915179244117532
449.0	-0.04623148739170457	-0.04769245085028731	-0.05025530687893539	-0.04885636638692731	-0.048106291961621146
450.0	-0.04662490041359865	-0.047802690265536796	-0.050310784818273314	-0.049388209385487936	-0.048191468884813425
451.0	-0.045389987859394756	-0.04691322895575154	-0.049179598370918225	-0.048129227674020884	-0.04693124436500581
452.0	-0.04420358371392152	-0.04604514941367055	-0.048062452300249636	-0.047491002671884726	-0.04644509668918965
453.0	-0.04247472528926345	-0.04431240830139521	-0.04691745681937428	-0.04596489606376325	-0.04488014039022159
454.0	-0.042700831799491204	-0.04485942275531716	-0.04733833014839855	-0.046359332726653525	-0.04540841601707699
455.0	-0.04104334442059597	-0.04338442530341508	-0.04610958646204724	-0.04514637906684238	-0.043972417644978105
456.0	-0.040624426648423986	-0.04284091544547213	-0.04562479753775931	-0.04469421649702956	-0.04375993380885246
457.0	-0.039044746327196386	-0.041112981557474094	-0.0437536957165271	-0.042803097170874584	-0.042052043967193135
458.0	-0.03903116293632629	-0.041455108806726725	-0.0442594837659202	-0.04317815410199089	-0.042396418830341155
459.0	-0.03814482745248559	-0.04037257981988041	-0.04289098255219507	-0.04198579159898309	-0.04095689991174378
460.0	-0.038147435160188856	-0.040060668396574524	-0.042365344512522746	-0.041424815797998865	-0.04041521308787629
461.0	-0.03635643965665322	-0.038297820169921816	-0.041052675886231516	-0.04007200291596872	-0.0390504271404044
462.0	-0.03638971885320546	-0.03874502001774135	-0.040880527881788496	-0.040145745194897255	-0.03888253761710708
463.0	-0.03480885566396799	-0.03701201892383246	-0.0393171991067398	-0.03841952469546839	-0.03755290530647065
464.0	-0.034600858890310005	-0.03717798279375625	-0.03902509228577855	-0.038375123291635005	-0.03767498800694863
465.0	-0.033190017353806715	-0.03533944513883435	-0.03755949986319195	-0.036774117365974156	-0.0354966659251538
466.0	-0.03277889822747504	-0.034873461002452665	-0.03734002115472473	-0.03624839293188744	-0.03556461589473104
467.0	-0.03256617393081254	-0.03424948866571951	-0.03672079699223137	-0.03543352225418633	-0.034365890086894155
468.0	-0.03141132581335465	-0.03336885373323225	-0.03625473869955407	-0.03510268076617434	-0.03389385446326027
469.0	-0.029893944340795266	-0.031838942540451436	-0.034218855469152674	-0.033057901676425326	-0.0323174848847242
470.0	-0.030269624314201105	-0.031791051294571826	-0.03400883531729083	-0.032943044075535964	-0.03184405124051827
471.0	-0.028253162709559652	-0.030217971583789475	-0.031897620525779	-0.030900866846931246	-0.03026421741838989
472.0	-0.027380976343048286	-0.029494527412963045	-0.03066293017664701	-0.030183773329194696	-0.02951496040824976
473.0	-0.026503484497869934	-0.02823167801477224	-0.029902020648490967	-0.028946395990695706	-0.02815428667460648
474.0	-0.025394209265821865	-0.027795554441137942	-0.02895542460771085	-0.028392839548263143	-0.027761165271597072
475.0	-0.024661635195613006	-0.026217263829728953	-0.028124010372926667	-0.027028179168382505	-0.026426293675247334
476.0	-0.023857692038716277	-0.02553286899658964	-0.027627306694680494	-0.026310526859522083	-0.0255127703224431
477.0	-0.02291603207804618	-0.02462264575968603	-0.02635956668904255	-0.02544641180191154	-0.024523437194161776
478.0	-0.021723975009829873	-0.02339775075021978	-0.024987793396305913	-0.023956323205995427	-0.02308539407447016
479.0	-0.020241181123893334	-0.02209281600678163	-0.023145026438798705	-0.022464222808961803	-0.02183657868323798
480.0	-0.019470529668312034	-0.021515594959238604	-0.02180086912472497	-0.021720534743065515	-0.021245191872496436
481.0	-0.018565588384729895	-0.020107396012746238	-0.021212599698288637	-0.020615884956871385	-0.019647625926142862
482.0	-0.01758345471866347	-0.019135972658029313	-0.020190033393397974	-0.019359492041516917	-0.019097843019908797
483.0	-0.016742055436060718	-0.018094618630001863	-0.01962422787975427	-0.018462469585163625	-0.01796443203560308
484.0	-0.01634342315413735	-0.01720593742288787	-0.018586437115442292	-0.017778712811447845	-0.017207301978249236
485.0	-0.015176192106341115	-0.016285471602112446	-0.0173680298087406	-0.01651966471369727	-0.016169024307810958
486.0	-0.0146431468198681	-0.015647905799826032	-0.016871899377317697	-0.01595047748312588	-0.015150445147378141
487.0	-0.012837181532109308	-0.014073350250051367	-0.015118515817174353	-0.014416640419093454	-0.014087257986853806
488.0	-0.011794056600895532	-0.013032736950713759	-0.013960304521823305	-0.013413347102611281	-0.01342386557513603
489.0	-0.011320637588118427	-0.012395172066935292	-0.013309811935054747	-0.012528588207806288	-0.012073614199633001
490.0	-0.0104319371304201	-0.011380247915152346	-0.012536395551996154	-0.011691494903224839	-0.01131056988835743
491.0	-0.009717581811143801	-0.010510080150828766	-0.011324268153315538	-0.01068861376288893	-0.010220113264624076
492.0	-0.008822280413179671	-0.00975032408313155	-0.010083485941621092	-0.009983139428980105	-0.009771123026099804
493.0	-0.008385034328469263	-0.009314426497065629	-0.009989979989164942	-0.009441874245991123	-0.009128643964791844
494.0	-0.007364525375718987	-0.008176780229073059	-0.00911118080133802	-0.00839261153194247	-0.008268305581550945
495.0	-0.006569010042254967	-0.007374740225913303	-0.007916254487641319	-0.007293771975636791	-0.007088249955892735
496.0	-0.006269106033613083	-0.007020419528829419	-0.00746335306062349	-0.007216241802584782	-0.007103362488007141
497.0	-0.00541011383707516	-0.0062571026028521775	-0.006987128721830972	-0.006276225282932427	-0.0062000856155523835
498.0	-0.004957276458556471	-0.0055514205050043045	-0.006421836892860723	-0.0057986203589015075	-0.005478946416034185
499.0	-0.004113671931412655	-0.00467762552151042	-0.0054523873033564645	-0.004949130111878426	-0.004888683872946206
500.0	-0.0036417307394501445	-0.004388633766815066	-0.005118081176122183	-0.004563155614082797	-0.004403179058905062
501.0	-0.00290918624586278	-0.0036179091533950305	-0.00419673267430653	-0.0035564842367731223	-0.0035516277240588505
502.0	-0.00233368533476066	-0.0029470839956352375	-0.0037631647705850826	-0.0031614935604941242	-0.0030544441818364187
503.0	-0.0021659833822080766	-0.0028593010166271544	-0.0032894769844857945	-0.00297223433364056	-0.0027363220734015294
504.0	-0.0015461929824812449	-0.002225842511477083	-0.0027276984474365086	-0.002119195510062903	-0.0021354874090767223
505.0	-0.0009314254985342218	-0.001643653860967915	-0.0022035551972871014	-0.001676093777202805	-0.0014779259630679827
506.0	-0.0009518492298051337	-0.0014461822508742977	-0.0017161412639767678	-0.001198750078775405	-0.0011611273299305547
507.0	-7.986869737857592e-05	-0.0005379893172314426	-0.001037645682087451	-0.00032651849294555507	-0.0003208693151435572
508.0	0.00042759569953612175	-0.0002502915146867751	-0.00042261934965173373	-3.310839283186356e-05	2.957914567488479e-05
509.0	0.0009813677813870518	0.0002029871115913186	0.00014301779853533646	0.0005327941691578001	0.0006203300757346677
510.0	0.0009826416271558258	0.0006514942783205586	0.0005200152240417336	0.0007872896038470346	0.0008763965260688921
511.0	0.0016374798102465498	0.0009869877356286393	0.0008594207924693377	0.0015236432551045953	0.0013904057110270185
512.0	0.0018672594162590253	0.0013023553344771463	0.0012309301363710443	0.0017636077197684234	0.0019225560368262404
513.0	0.0022565491591589756	0.0016414405068155993	0.0014569527133416922	0.0019291459251143351	0.0022389641300966604
514.0	0.002457607259073526	0.002050439426142582	0.001976916070527614	0.002572766314664346	0.002388517254574965
515.0	0.0031809364212677053	0.0024654399057128106	0.0025992136764863886	0.0031293922159256484	0.0031064486993612403
516.0	0.0032971049453512755	0.002891890526599004	0.002942708056584583	0.003440895167557292	0.003309765856894059
517.0	0.0040179139677365885	0.0035492567567159505	0.0036438865960141636	0.0040047039550345186	0.004072155123439431
518.0	0.0037501996998317083	0.003363002778610543	0.0035659911026331968	0.004129685624681219	0.003813798660988977
519.0	0.004081556743961507	0.00369617397634242	0.003826864163367243	0.004363727286055933	0.00433893496505332
520.0	0.0042990123455465094	0.004254084299861208	0.003932201299744946	0.004528646058933809	0.004575838573503853
521.0	0.004971435694218361	0.004525861616941421	0.004691183675468516	0.005193615972211349	0.004964228109648827
522.0	0.005096744479012904	0.004456478244388296	0.0046006940221709975	0.005172046026802906	0.005346801237905048
523.0	0.005308828549207953	0.004627722172548085	0.0050059722994068205	0.0056888995685737105	0.0053247788945056445
524.0	0.00539011102168159	0.004893479865516712	0.0055031605766508625	0.005865574538903836	0.005379345207974919
525.0	0.006067505391485721	0.005461559906345966	0.005873660930580379	0.006458674969000531	0.006271343827769386
526.0	0.005768369327920308	0.0055427577531180425	0.0057810365511898375	0.006301917524560739	0.006162584577228711
527.0	0.006238790266589378	0.005772157457394606	0.006342741243085047	0.006836228874381729	0.006645644219204002
528.0	0.006335529555083057	0.00570506417823408	0.006757110933801748	0.006895190088680403	0.006776861274104419
529.0	0.0069339520968318535	0.006363236780083026	0.007016868544506054	0.007452857810296802	0.007393572063236844
530.0	0.006876022009268876	0.0066507967552357225	0.007113848203587243	0.007739185104316394	0.007217825070951079
531.0	0.007099419930361779	0.006696164446613785	0.007409551781737477	0.007822712325268535	0.007809204194267685
532.0	0.0067422273469375325	0.006613385185965825	0.007225479896147337	0.007727605992522413	0.007807858176893998
533.0	0.007058712367956271	0.0071902148052342164	0.007853543744496991	0.008325228299640384	0.008120861957784747
534.0	0.007293047794873891	0.007081361903909134	0.008240681159364435	0.008452388760103041	0.008480531829045002
535.0	0.007393110868297756	0.00762005908492518	0.008226744184523833	0.008923457083206224	0.008497405149427257
536.0	0.007402783222564827	0.0074120542605217	0.008538174908302202	0.009081040524302161	0.008525254658529153
537.0	0.00802751347834865	0.007876918838016887	0.008960088987536285	0.009443916326119657	0.009189175870556412
538.0	0.007858845506640323	0.008092404236861146	0.009066494134773841	0.009668265379975732	0.009256602843258396
539.0	0.008022447613598556	0.008056156428993523	0.009153273632110381	0.009556806134960766	0.009278132150715776
540.0	0.00806397587514101	0.008113795872975971	0.009188702082044762	0.009613949924919457	0.009447319600118975
541.0	0.008012996793055843	0.008374770651065712	0.009437478783247319	0.009811306353320963	0.009710881496242605
542.0	0.00839900623042725	0.008669927737356172	0.00989121262098066	0.010344012374046961	0.010171665572988904
543.0	0.008349647188335283	0.008800885933368177	0.009831520220420185	0.010481510947245039	0.010020522561233225
544.0	0.00851975064292685	0.008724678897798247	0.010454642717326794	0.010653270736200841	0.010333830567806448
545.0	0.008849066423852464	0.008978810790466087	0.010427716251046137	0.010668194372643339	0.010555583766738619
546.0	0.008601915795909527	0.009011357636797288	0.01061563635398611	0.01090774214332054	0.010440359334564013
547.0	0.008896320720045635	0.009256961196055005	0.010387507735951457	0.011060132801221381	0.010746939387517154
548.0	0.008301402584139984	0.009091465697608452	0.01025905890350069	0.010817428613968045	0.010553309756842008
549.0	0.008653311544518823	0.00934434613684512	0.010728012838478448	0.011297709725232705	0.010918011774229124
550.0	0.008634083336837116	0.00930510464417201	0.010670665166534482	0.011231209203934953	0.010966460576130614
551.0	0.008785186393887857	0.009453469484750496	0.011115169654073642	0.011714269803293785	0.011250996828688737
552.0	0.008870873366257793	0.00937262433457637	0.011572120933911497	0.011772704846075711	0.011377630183147884
553.0	0.009028607021870444	0.009781096181360837	0.011478947446361758	0.011853533357168137	0.011488292306751241
554.0	0.008775832812904512	0.00962268786569018	0.011355983874163854	0.011838750653751236	0.011488406457288705
555.0	0.00895517473788637	0.009972889486695195	0.011467247027966407	0.01205274338942916	0.011564780709158522
556.0	0.009256575158587108	0.009761905948179272	0.01199731503426578	0.01237027413921759	0.011792107764258881
557.0	0.009304645436257124	0.01010281132624963	0.01186484610435787	0.012374012902273019	0.011945422964082804
558.0	0.009398270092392294	0.010372194696021778	0.012154515367803148	0.012749624964913534	0.012324413154441207
559.0	0.009462196941303095	0.01039234338010351	0.012460302980692109	0.01293669168351038	0.01263027385982392
560.0	0.00905214067277882	0.009988972163301753	0.012158494166133904	0.012581356328814445	0.012270302133440603
561.0	0.009245705456930122	0.010464709847265398	0.012467659754329586	0.01289891986062422	0.01253900734751825
562.0	0.009064336564878064	0.010782198046634696	0.012459199019267076	0.013094387920011344	0.012679548736747906
563.0	0.00938706895653476	0.010665324216910061	0.01287741353621711	0.013336149109807606	0.013050098546043687
564.0	0.009623955174184073	0.011109937462519745	0.012910129161965293	0.013455611802376352	0.013087609025599913
565.0	0.009913340553915413	0.011250490543224516	0.013459126243786182	0.013997651898022647	0.013722004392486298
566.0	0.009462694034745834	0.011055808138019645	0.013129573758853976	0.013728149283023369	0.013709467223666755
567.0	0.009686850644237972	0.011138660709329977	0.013413425305810966	0.01415654861541233	0.013738296757863552
568.0	0.009488263802114122	0.010856687638906697	0.013344012010979608	0.013705989348382424	0.013546013854210615
569.0	0.009588368824458227	0.011073310074844024	0.01360964378831183	0.014087919739552174	0.013707651177394012
570.0	0.009732263373263099	0.011550825494145439	0.013675364078846687	0.014405971225019859	0.013858456598527774
571.0	0.009785881723506097	0.011533170838502681	0.013924537865445868	0.014527899516962955	0.014000785264823035
572.0	0.009823836227971668	0.011023857910909436	0.013747333601311642	0.014159064683318434	0.014043334088521523
573.0	0.0093941193392327	0.01118363641060918	0.013595185983471434	0.013965973354278781	0.01350248901589557
574.0	0.009426963115296082	0.011201652910333723	0.01347609928101444	0.01408605913654482	0.01353527733569497
575.0	0.009206396705084684	0.01103907097649294	0.013233530825462034	0.013874445463031107	0.013610233085146339
576.0	0.009143448373553282	0.010661529648092386	0.013316816248654046	0.01411706360368905	0.013456554833985819
577.0	0.009267700305215306	0.011063191529514592	0.01347241677310751	0.014064789062040827	0.013628765065600202
578.0	0.00958910981450031	0.01178502152015074	0.013917401127348525	0.014756064053563188	0.014054000470253942
579.0	0.009691524224232431	0.01154394097959227	0.013983690263724063	0.014617227210456394	0.014311629139224125
580.0	0.009480250704717027	0.010688122978768038	0.0138124210718882	0.014425571983009006	0.014176912633259922
581.0	0.009495976706147928	0.01163346468766654	0.014341070310214829	0.014884118493956247	0.014703613925395006
582.0	0.009536604721311872	0.011655648211073835	0.0138410294801513	0.0147383944764284	0.014093535140141248
583.0	0.009474578934251743	0.011791232855250093	0.013917966848066515	0.01471163329862244	0.01407537486387332
584.0	0.009669948904015646	0.011347348896306939	0.014208282287653732	0.014911342390416504	0.014535675576794471
585.0	0.009154994525732263	0.011207762568893527	0.013558289715791537	0.014179641983843418	0.013791400266109586
586.0	0.00910230294097713	0.01180608702900124	0.013789775068401343	0.014594972515199705	0.013850281357295888
587.0	0.009179946058820634	0.011355307347761447	0.01328999811102703	0.014366060238080283	0.01360310623430066
588.0	0.008924295120166095	0.010959163130569799	0.01350012149387631	0.013874924390180218	0.013515999589944788
589.0	0.00853238606056973	0.010719689708955961	0.01295774582357729	0.013713707010254287	0.013370932690419174
590.0	0.009066136640374416	0.011264702769399774	0.01300452286042064	0.014131382829161286	0.013600574999511146
591.0	0.009206468953886182	0.011361126227721528	0.013536954030894043	0.014207502876391774	0.0139381651365181
592.0	0.008590096081000191	0.010500651467640613	0.01302592574238078	0.013613851137095461	0.013134887572950662
593.0	0.008879754853473717	0.010932531206567092	0.01336780065708846	0.01372833964526886	0.013506572510909106
594.0	0.008703463009330663	0.011051205282629484	0.013260658853895756	0.01405936505463431	0.013545303636525759
595.0	0.008618312616676022	0.010339365469139649	0.012940200066780821	0.013650268228826016	0.013015614340788573
596.0	0.00850637181105935	0.010976917670985539	0.012486939283167112	0.013158060293161121	0.012498973092364377
597.0	0.009248345878276599	0.010762362130711564	0.013125421286630261	0.013868651136315137	0.013098453616741161
598.0	0.008940393984980713	0.010830236135778317	0.01298711590236576	0.013667759052062514	0.01322856611888877
599.0	0.009243603510036641	0.010784206264544032	0.013475028823539353	0.014136444166127998	0.013275324951394989
600.0	0.008401570687520057	0.010242836039729211	0.012368941942645836	0.013159774476585133	0.012801923993842237
601.0	0.009146362565599333	0.010531017405901911	0.013118592180823091	0.014090562849603106	0.013180504221240202
602.0	0.009242125322181254	0.011045488813246103	0.012522114957649863	0.013223445476390733	0.013191643378925892
603.0	0.009102824574951535	0.010878996026826024	0.012602647412196787	0.01310291859746506	0.012835204399763786
604.0	0.008601328298683358	0.010175300282520826	0.012791844252797167	0.01353978142429873	0.012194452370860864
605.0	0.008369534059536131	0.010386012149428171	0.01249799964547347	0.01256572241320159	0.012274492441538455
606.0	0.008773627561286272	0.010421970144110018	0.011903977333513694	0.013232751421454423	0.012788836646533281
607.0	0.008432099607909001	0.01023260261493223	0.01217772873589256	0.013077991482206478	0.012743244196616125
608.0	0.00874385784841611	0.010569023157822863	0.011683849420202607	0.012763398489973559	0.011894947730453154
609.0	0.008596198792115334	0.010180578943179398	0.012264103876472572	0.012620863331864901	0.012341214916118887
610.0	0.008723696342652562	0.009820283662657211	0.011820979738069129	0.012612444541915166	0.011927546733857907
611.0	0.008249005640906682	0.009621399515262832	0.011414596337176732	0.012503992258077102	0.011749663210124299
612.0	0.008311680167782495	0.009586323922984344	0.011726230726255274	0.012409057093132642	0.011749625009544379
613.0	0.008275115982296057	0.009779825286282158	0.011423633450522662	0.01227756306187424	0.011451546072718649
614.0	0.008699593579695318	0.009205612114333619	0.010874243510619906	0.01189208322515703	0.011129266897778886
615.0	0.00854775975611918	0.009976395545903726	0.011780237330046817	0.012552621683136188	0.012427271627173983
616.0	0.008278059171945516	0.009554032834670162	0.01082470446279962	0.011463757383725232	0.011040246700594886
617.0	0.00771842209675825	0.009043162676316045	0.010580726384815933	0.011570217841960403	0.010913059618587942
618.0	0.00860540428318769	0.009451727724640464	0.011245373804200988	0.011989461355010902	0.011472409217354316
619.0	0.007908761484277053	0.009129995083491216	0.009860892061415216	0.01127918118312271	0.01086271614858729
620.0	0.008275354020975859	0.009086639610148342	0.01079921012198575	0.01168935870774816	0.010402939025929175
621.0	0.007961435848945162	0.008607556004383557	0.010430296683598671	0.011196568116454293	0.010732842385794228
622.0	0.007926728357350712	0.008595412889332254	0.01047719422170819	0.0113166813309133	0.010580076220561875
623.0	0.008055506638382798	0.008822947459237424	0.010613363743608566	0.011648411514058502	0.010727735229766049
624.0	0.008487784713245863	0.008927152106960448	0.010976080804172589	0.011635925384102528	0.011037685208669061
625.0	0.008071432304647692	0.008426979201456512	0.010533212058787747	0.010503261662101304	0.010354102553535494
626.0	0.008575933717303766	0.009386609927089088	0.01064398177263119	0.01180177050822469	0.010883027203809794
627.0	0.008548087630437566	0.008868390651964103	0.010700994492577642	0.011338158477951277	0.010701424168597656
628.0	0.00856006705755604	0.008809401677310025	0.00969212540804906	0.010770545726781077	0.010583926428303655
629.0	0.008072725833219597	0.00840315219158802	0.009776789172046708	0.011027314469275518	0.010070002741880218
630.0	0.008930417938394816	0.008206759009458406	0.010285930521036655	0.010863319461182491	0.010396495974230884
631.0	0.007895068379486983	0.008030346746736527	0.008907985302950146	0.010439745879251642	0.009729735291839972
632.0	0.00870077029319899	0.008593544844764189	0.010576877416784472	0.010852119456132662	0.01056316936153498
633.0	0.007148972029241208	0.008111736186812433	0.00904238607603986	0.009993541642776079	0.00933678746294833
634.0	0.007662222077484959	0.007548777598828344	0.008992718520427573	0.009503875524409977	0.009452571646721515
635.0	0.008368945479835355	0.008557433652786594	0.009743113604996882	0.010705646900532842	0.00972067474544624
636.0	0.007405867008769598	0.007748034538922323	0.009745312118815968	0.010496812899715371	0.00923293505476691
637.0	0.0073292020447225355	0.007705183842452747	0.009275287327490342	0.010219094807002197	0.009529340406172407
638.0	0.008818414465295039	0.008533662857943332	0.009679836037110022	0.010813835380845833	0.010152789151124058
639.0	0.007596414256947393	0.00734823384633058	0.00833799132602223	0.010054113544727513	0.009137891414832162
640.0	0.007230753881724549	0.006874386869355119	0.007684660628347294	0.00853629067189654	0.008142588231687148
641.0	0.007943557231691132	0.007845546642158514	0.008767438810610768	0.009638732317339948	0.009018657377743301
642.0	0.007537594260622551	0.007599125294072907	0.008229618072936262	0.009683104936450694	0.009063545306914748
643.0	0.008343145142663521	0.008074294141927847	0.00939049125605339	0.01038971329747766	0.009945393805907745
644.0	0.0081467304227891	0.00820059782834649	0.009386742103152495	0.010400392698310714	0.009199183172969473
645.0	0.0074533617273575825	0.007620551015365677	0.008645856460323809	0.009565174939692292	0.008843654353932853
646.0	0.008916843358936877	0.008124855726226128	0.008272660275107804	0.010039849551938247	0.009277156807887647
647.0	0.007847215651138684	0.007855317708737139	0.009346952180069076	0.009485333614129126	0.009195523001915446
648.0	0.007771192010996471	0.0074323167828166566	0.007994307588929333	0.009028355176480957	0.008637699671309859
649.0	0.008590369961796442	0.008390547404415865	0.008910126010177771	0.009799136531029769	0.009171028832869972
650.0	0.008238593320170193	0.008035935931581485	0.007833405363680525	0.009813702352861038	0.00901719361285292
651.0	0.008010635604793304	0.007680390422045051	0.008627540309375636	0.009402219203470718	0.008687408898775747
652.0	0.008055666049401233	0.0072881808545369004	0.007795416276723294	0.009763201441831706	0.00826366429747872
653.0	0.006774567182364263	0.006453410816949896	0.0076398073094116024	0.008491737066804875	0.007980210686794241
654.0	0.008135913035062139	0.007492133724681935	0.00769576609377446	0.008931396074922418	0.00846707877986404
655.0	0.007026696372982104	0.006593292966165804	0.007168494122944648	0.00799886405064441	0.007130968120571496
656.0	0.006716760293507949	0.006753015375830937	0.0070968360342808295	0.007984059770332572	0.0076298604555672805
657.0	0.00678836353453327	0.007407073316055136	0.008111506263927691	0.008625622173786722	0.007846800463651772
658.0	0.007882707792074693	0.007415743641407663	0.007782237382339648	0.009125019740799526	0.008781691865935424
659.0	0.007771747690949615	0.007385441988785084	0.008051567230609404	0.00899113885834006	0.008139200134253276
660.0	0.0075327310788534056	0.006596105665497676	0.007552837981264683	0.008465977915346541	0.007603850045840978
661.0	0.006742400253355481	0.007179831821622025	0.007633573264804833	0.008307122396409685	0.007699872692439799
662.0	0.007698490866500143	0.0066327732366571026	0.007744756913428173	0.00882470392974201	0.008306082922192986
663.0	0.00796399552161007	0.0075149223890054045	0.008041369910967494	0.00919239886548512	0.008604262330262387
664.0	0.006946553796702532	0.006599695854851282	0.007403861730596618	0.008242022369495857	0.007511201795377707
665.0	0.006955355105477203	0.006606697432986132	0.007315050359825677	0.007587618871995233	0.007001989187623573
666.0	0.007668269487223183	0.007756194443964697	0.007959317054238113	0.009124024566944952	0.008165769439510931
667.0	0.00590623445135159	0.005768144620201621	0.006651473581747899	0.006997412319541633	0.0064019346848359976
668.0	0.005579733320871643	0.005289561002036325	0.006162039669120516	0.006585272182023411	0.005806615946162864
669.0	0.006907717443308729	0.007133334963868157	0.007827352541011667	0.00808333806922792	0.007730935077754578
670.0	0.006817164078874326	0.005665533396838124	0.006274340416275317	0.007660654220350438	0.0066975853528806655
671.0	0.007111539312437429	0.006735636918565917	0.007475810225377047	0.008147039606156523	0.007464648778785585
672.0	0.006496643174916994	0.006053580180841155	0.007251499360704092	0.00787372427478409	0.007327350612059834
673.0	0.006168442073135297	0.0057488609570986214	0.0064839901391655465	0.007277737767437949	0.006777936896754121
674.0	0.00640904982462091	0.005655438914688991	0.0063401895644312105	0.007761168822197123	0.006734795256759935
675.0	0.006432526050700057	0.006097839282207407	0.006806796796563361	0.007456961048873075	0.006854587839437311
676.0	0.006673393356003638	0.005720318503773657	0.006528801207540226	0.007348940776271501	0.007126689912983379
677.0	0.006346839780343083	0.005935184297591209	0.00657559663484007	0.007254111966452812	0.006898836826200545
678.0	0.00677698652895194	0.005854726596480436	0.006594417531768587	0.007458080258581017	0.00690859634368018
679.0	0.0063666414595124005	0.005761600578066134	0.005971332887022745	0.006381234978081767	0.006005916609021435
680.0	0.006255473427725675	0.005411545100767019	0.006072948715286394	0.006718241759376257	0.0064373148858222545
681.0	0.006143883737489441	0.005926063600851606	0.006104726754099791	0.006464966621566231	0.006104567828133143
682.0	0.00656293656803138	0.006267297556477415	0.0063916617988198044	0.0072435856963312785	0.00663743430855702
683.0	0.006319940743652381	0.005932696570236859	0.006547157687453821	0.006556954732866335	0.006640287207155443
684.0	0.006233816968988849	0.0057889956126949684	0.0063256336088206785	0.0070071762901336996	0.005977268741223625
685.0	0.0065143008677063475	0.0062305264760212755	0.006671701946587138	0.007458070881992156	0.00707246827790525
686.0	0.00719140891067252	0.006292897655027494	0.006634009216832884	0.00750121086347418	0.007025384547442685
687.0	0.0065314406001063564	0.006002707677418205	0.006756913504851607	0.0072472898910441565	0.006594035437175026
688.0	0.005938307669968155	0.005396213978712975	0.005839753451455099	0.006644667235371572	0.006065518473416451
689.0	0.005780701110085473	0.006239744844331793	0.006374352027080368	0.006854994223177135	0.006476275422550103
690.0	0.006086057280044634	0.0058612695507582425	0.006060499030495432	0.006850141456508673	0.006277895372613497
691.0	0.0063526992378229435	0.005751114425184577	0.006606726731751759	0.007072599807209965	0.006350926224561729
692.0	0.005319502649593891	0.005175938439315744	0.006078262807943741	0.006493776331665886	0.0060219235474031
693.0	0.0049047947089885125	0.005347279318752912	0.005610913469662408	0.006085307530771008	0.005608876558374841
694.0	0.0062808028323014	0.006051183446261929	0.005902052604210357	0.006763766291410585	0.005891655654668096
695.0	0.005812480037244857	0.00592665323414215	0.0060362098136552455	0.006521999244796507	0.0062127550461621404
696.0	0.005301332573141554	0.004796000457045906	0.005384862165116446	0.005948449716180013	0.005554776448391286
697.0	0.00582200080521217	0.005935492965283518	0.005862761123781496	0.0063315953847569	0.005959605373289309
698.0	0.006085246228778641	0.005717224344021562	0.0055673821888377545	0.006315131025326082	0.005612208533182818
699.0	0.005633683795018713	0.005381105215985164	0.005691729327652408	0.006045589716315961	0.005738457148227748
700.0	0.006037579999606672	0.005184251078610003	0.005711708667372033	0.006503506669313496	0.005888335870445048
701.0	0.005868868418040886	0.005536540410923968	0.00582029973595596	0.006135569346660485	0.00592825022243071
702.0	0.005895517188661542	0.00505738836601093	0.005494633091474928	0.006266245283778562	0.005554875735425575
703.0	0.0061040668293316	0.005446796754170484	0.005712091658029161	0.006434225464625135	0.006148659198988431
704.0	0.005763358514360001	0.0050709560310176335	0.005249547079645484	0.006122568076190008	0.005426864707999089
705.0	0.005898245697299268	0.006001777685064037	0.006015664158004071	0.006289492033484689	0.005863570111485839
706.0	0.006077948295493673	0.005379662842150765	0.005400491286798245	0.006279361137725569	0.005622562875653869
707.0	0.0061213327028880275	0.005639518353301887	0.005619467227708151	0.00626329346704967	0.005639464442199281
708.0	0.005376042245854613	0.005272454682219155	0.005273311286081286	0.005909879562776717	0.005179737214794631
709.0	0.005706677865628002	0.005387011807643515	0.005599731773128854	0.005710161026730475	0.0055549301096007
710.0	0.0064036198296796056	0.005776387770119913	0.005811730653869055	0.0064541827487759815	0.00574287236542461
711.0	0.005544769997132721	0.005509340610426579	0.005407846923733324	0.005992736248666144	0.00542226022636814
712.0	0.005399499368952724	0.005112153372431326	0.005276142918977042	0.006118149133195593	0.005300808318375891
713.0	0.005344695586355035	0.005145851519133107	0.005159058825688225	0.00546974609205925	0.005238544117890044
714.0	0.005951928334423649	0.005008645543912595	0.005376083404951358	0.005707129691832301	0.005103081388929317
715.0	0.005787903293098865	0.005565376712149111	0.005422259275756341	0.005781414032787369	0.0055763384593394486
716.0	0.005482935657821274	0.0052712288931203	0.005033597200934696	0.00561749315863427	0.005163362228461094
717.0	0.005870442829859485	0.0058641220183074175	0.005739259349462935	0.005973668134388245	0.005671990303550374
718.0	0.005874065513677627	0.005388559284899693	0.005327385073250159	0.005819041270061241	0.0053815152741843375
719.0	0.006202629795924038	0.0059573111108337734	0.00565593519189633	0.005944983735625311	0.005464417986243618
720.0	0.005909900927329375	0.00492068893240029	0.005550663220702668	0.005925905416853584	0.0052464467358307445
721.0	0.006062834209263778	0.005167904196725498	0.005279468051088008	0.005878985281896093	0.005287566986798539
722.0	0.0065064143315648505	0.005620475362008972	0.005256958810637032	0.006063371562958415	0.005214248649703543
723.0	0.006658883172979824	0.005866496162873426	0.005473981555528421	0.006418490348542315	0.0055155945902147395
724.0	0.006106823651645114	0.005154603352118943	0.004634889119562921	0.005588615793921443	0.004946103495265918
725.0	0.005946132169516885	0.0052782182818432374	0.004897403482883467	0.005222464907143602	0.004883809961756254
726.0	0.0064093101792972425	0.00518809393060495	0.004984454028681785	0.005487344637621654	0.005248566245234096
727.0	0.005829222100660735	0.005516510982807783	0.00506919810156437	0.005384901138269306	0.005208833485697918
728.0	0.00590441134865851	0.0051078420429153	0.004631370156148732	0.0052865769217263665	0.005061784848268576
729.0	0.005945191094744057	0.005411004838954632	0.005127250356971702	0.005612087746047716	0.005346950058034796
730.0	0.006187785771553871	0.004805742765052616	0.0046043823764178714	0.005008575931481193	0.004901322767326581
731.0	0.0063128465704891746	0.0057193208419487876	0.005427079483349657	0.005845234047835163	0.005482687815932992
732.0	0.005416439492292601	0.005034960767002377	0.004846386209642066	0.005435122862005939	0.004826993631063327
733.0	0.005577971583333503	0.0054138029305082725	0.005267661855684602	0.005300871884521326	0.005065027840567211
734.0	0.005690577966490876	0.005045185866472813	0.005133438026237619	0.00564124726682513	0.004953102698087412
735.0	0.00531316912853675	0.005578210528444988	0.005151289052659846	0.005279017027830494	0.005111855515784443
736.0	0.0049474706883060925	0.004747686004360304	0.0044812336254776534	0.004754549546498865	0.004678487191893177
737.0	0.0049948886932214154	0.005680945483476497	0.005300732900780758	0.0056388718545438326	0.005293288196758564
738.0	0.004861026500667619	0.005157202163588466	0.005184117996216468	0.005614109099835934	0.005224673228799462
739.0	0.004848163859102235	0.005328940947482145	0.005230579191549965	0.005346233416868942	0.00491110189438209
740.0	0.004790665331241177	0.00515031996848257	0.0054029571691846705	0.005227670581941819	0.004935270096745673
741.0	0.0046059279534331485	0.005347896834372202	0.00516350105197184	0.005219549349533541	0.00498779762446597
742.0	0.004528125973618962	0.005412440247240001	0.00519388667754049	0.005273051476009629	0.005050712937317713
743.0	0.004471910484742018	0.005234417360028874	0.005094069040670895	0.005224103684635952	0.005078181896891688
744.0	0.00441218872577062	0.004923292882300934	0.004836082652102517	0.005251375851571829	0.004726496142995455
745.0	0.004326002985803806	0.004952331757684582	0.005003815860128232	0.004907016305815645	0.004805081096253449
746.0	0.004548836990519913	0.005120672646844355	0.004845404650672629	0.005253810926669271	0.004668388962928317
747.0	0.004721765994027787	0.005296862597729162	0.005032594349269555	0.005081736903182757	0.004870390857783738
748.0	0.004491578915479884	0.005005531423892142	0.004772224560917083	0.004985014311725252	0.0047316650771230305
749.0	0.004537041599668841	0.004989642590177319	0.004876382572518917	0.005016897110414373	0.004648583121789816
750.0	0.004764139609423795	0.00503082541511657	0.004819078781694678	0.00493874135356916	0.004669617752318064
751.0	0.004520789966481782	0.0049460229396592415	0.0047939997310656795	0.004971115107993396	0.004627070120016351
752.0	0.004465398767384854	0.0047493527237829165	0.004343451741514535	0.004730577408524092	0.004307565756845047
753.0	0.004570835869130168	0.00477290780032045	0.004567658861854701	0.004630731896371881	0.004580850365911938
754.0	0.004849693735279842	0.00495567491512349	0.004743598850832712	0.004939487114110261	0.004791978872926389
755.0	0.0047248706042023105	0.004875298851399397	0.004658364786827843	0.00476265654571582	0.004606516947917621
756.0	0.004931377779988668	0.004890863197308328	0.004647031880095042	0.004827816582358933	0.0046400534948584544
757.0	0.004859364688625642	0.005118899212616765	0.004887159027481173	0.004854358373563691	0.0046758996862060346
758.0	0.004770111975682599	0.0048832912196102194	0.004731216046526845	0.004699168160098501	0.004567945430992887
759.0	0.004713421692321966	0.00490911936652675	0.004769242035931302	0.004731129304309616	0.00456541926478457
760.0	0.0046851948094858275	0.004740152693457106	0.004639711374974859	0.00472045694579776	0.004486530153735214
761.0	0.004636430111100643	0.004743134569044424	0.0047508505701216635	0.0046896161591719115	0.004555136227093088
762.0	0.004731779738388273	0.004872693058669387	0.004706469982744487	0.004743259155138399	0.00459242109782772
763.0	0.004716628727046517	0.004937461586279169	0.0048221476266414156	0.004802948355452406	0.004583894424809888
764.0	0.00446531821709841	0.004696851850970134	0.004648955055601516	0.004753600133064244	0.004528861097781588
765.0	0.004340997422199979	0.004704695791772234	0.004628376405609694	0.0045437991190787315	0.004409405492015045
766.0	0.004304538749260921	0.004692992848152386	0.004626677284259143	0.004594354426256273	0.004267585232336012
767.0	0.004345260070876189	0.0048512590318813146	0.004784167565327854	0.004628735186124386	0.004643575971769212
768.0	0.0041100561739352255	0.004618976287616453	0.004523701427145667	0.004615083277754269	0.00437234534023486
769.0	0.004176668914409499	0.004905544771416712	0.004730873367072186	0.004801057997867628	0.004552895445251196
770.0	0.004240301244305181	0.0049274856792621904	0.0047129567729650825	0.0046663878693644295	0.004471643069915523
771.0	0.004192173781774847	0.004787047896738848	0.00467621056418713	0.004677524524746555	0.004494316311173724
772.0	0.0041547642986096076	0.0048896820642049255	0.004648120548240163	0.004756183226339944	0.004571146694198439
773.0	0.00398559687937072	0.004752553692660693	0.004586589725044331	0.004586496551533731	0.0043987353728274885
774.0	0.004248294220638032	0.0049784429007182504	0.004748777122642669	0.004790878651273116	0.004525072998517145
775.0	0.004495821019156434	0.005125227684149192	0.004929149421049891	0.004882053459062441	0.004697260095980325
776.0	0.004577261889875979	0.004966603284521043	0.004807509045899993	0.004873197268786127	0.004689259645238264
777.0	0.004481534886296469	0.004881683058723322	0.0047554325872796455	0.004638422937708674	0.004454562235421064
778.0	0.004930541613901444	0.005100838825482048	0.004824039326535402	0.0048461590737395675	0.004568466472797406
779.0	0.004976844312030948	0.005070582116145476	0.004686759190574018	0.004681132872221538	0.004451025033224636
780.0	0.005538693137657536	0.005016967920085103	0.004888915084752037	0.004886028783210907	0.004643097398322073
