Time in ps	350.0	440.0	520.0	600.0
0.2999	0.02299285264795968	-0.050380276328086324	0.004071453488653437	0.009079618277048762
0.3499	0.023045449699228202	-0.050474482544791206	0.004079716646571536	0.009146460407660413
0.3999	0.02306939080594902	-0.05050616535164599	0.004082921626993711	0.009201370486637979
0.4499	0.023091637018233448	-0.050534400085817784	0.004085842523334493	0.00925499510511275
0.4999	0.02311355356358137	-0.05056217344279574	0.00408872080986558	0.009307884132018598
0.5499	0.02313517867924062	-0.05058956564866152	0.004091563041636873	0.009360060929331613
0.5999	0.023156516705088115	-0.05061658276276888	0.004094369777169582	0.009411535233273262
0.6499	0.023177571497052296	-0.05064322983153739	0.004097141492166448	0.009462316478743165
0.6999	0.02319834685655703	-0.050669511827652045	0.004099878655460548	0.009512413972853176
0.7499	0.023218846533974245	-0.0506954336570052	0.00410258172958884	0.009561836897738861
0.7999	0.02323907422931828	-0.050721000159612874	0.004105251170878263	0.009610594312241203
0.8499	0.023259033592922095	-0.050746216110499204	0.0041078874295291225	0.009658695153562137
0.8999	0.023278728226104328	-0.05077108622056914	0.00411049094969736	0.009706148238897887
0.9499	0.023298161681827457	-0.05079561513746951	0.004113062169575714	0.00975296226705036
0.9999	0.02331733746534712	-0.05081980744643837	0.004115601521473783	0.00979914582001689
1.0999	0.023354929802099304	-0.05086720027450641	0.00412058632162473	0.009889655253747926
1.1999	0.023391532348397203	-0.05091330017006584	0.0041254486939397835	0.00997774291905337
1.2999	0.023427171493080764	-0.05095814165234385	0.004130191893025063	0.01006347342423487
1.3999	0.023461872921084644	-0.05100175831973853	0.0041348190866821646	0.010146909654165587
1.4999	0.023495661632214906	-0.0510441828743818	0.004139333358223653	0.010228112816262487
1.5999	0.023528561959424675	-0.051085447146047375	0.004143737708726791	0.010307142485232323
1.6999	0.023560597586602353	-0.05112558211542082	0.004148035059227138	0.01038405664662404
1.7999	0.02359179156588539	-0.05116461793674895	0.004152228252853647	0.010458911739219402
1.8999	0.02362216633451213	-0.05120258395988498	0.0041563200569068	0.010531762696292878
1.9999	0.02365174373122417	-0.051239508751745794	0.004160313164881319	0.010602662985770912
2.1999	0.02370859086675001	-0.05131034511937868	0.0041680137093044875	0.01073881834039172
2.3999	0.023762496308568457	-0.05137734069606717	0.004175350031476358	0.010867777699032717
2.5999	0.023813614795284068	-0.05144069789122795	0.004182341216517937	0.010989919907689659
2.7999	0.02386209292055735	-0.05150060845929847	0.0041890053451264005	0.011105603870436347
2.9999	0.023908069561839915	-0.051557254060597545	0.00419535954644584	0.011215169599132904
3.1979	0.023951251535561737	-0.051610286032439244	0.004201360845786154	0.011317929186990568
3.4092	0.023994908399216374	-0.051663714968914	0.004207464567946062	0.011421659070798153
3.6346	0.024038870929280462	-0.05171730714025109	0.004213652261004242	0.011525934325715448
3.8746	0.024082896948361743	-0.051770738806944536	0.004219895415247015	0.011630156063666679
4.1306	0.024126891932560325	-0.05182386403400251	0.004226186731621195	0.011734073737644811
4.4039	0.024170706816537765	-0.05187646764304725	0.004232511773206277	0.011837305069418231
4.6946	0.024213991507723832	-0.051928092482969146	0.004238827204760805	0.011938993611122646
5.0046	0.024256664470157306	-0.051978602086038064	0.004245128800163289	0.012038914160631098
5.3352	0.024298527574004917	-0.05202771829006452	0.004251395837062354	0.012136565341506754
5.6879	0.02433939506294921	-0.052075176229457794	0.004257609684191851	0.012231473592839125
6.0632	0.02437897033083488	-0.05212058355620974	0.0042637346125304525	0.012322908989439463
6.4639	0.02441720244319996	-0.05216383091614501	0.004269772696096229	0.012410710169884402
6.8912	0.02445386550066185	-0.05220460799410934	0.004275698971673291	0.01249431134871263
7.3459	0.024488730680434792	-0.0522426080104426	0.004281486676210317	0.012573145897225052
7.8312	0.02452176813507174	-0.05227774520619129	0.004287141264494239	0.012647100659631845
8.3486	0.02455282584690778	-0.05230980356984445	0.004292647343156304	0.012715788728034376
8.9006	0.024581838264503452	-0.05233866476240701	0.004298003201280461	0.012779021649884759
9.4886	0.024608708174972297	-0.05236418843366612	0.004303199428087904	0.0128365501039716
10.1152	0.02463343170743956	-0.05238633798754313	0.004308241712864958	0.012888337559685175
10.7832	0.024656034607780843	-0.05240511406085595	0.004313139692672235	0.012934418703228694
11.4959	0.024676580147309956	-0.05242056033086696	0.00431790881518257	0.012974914907389869
12.2552	0.024695119670543744	-0.052432729410166676	0.004322558258556464	0.013009939395736974
13.0646	0.024711777876460343	-0.05244174650749103	0.004327110816132397	0.013039764946234007
13.9279	0.0247267015786538	-0.05244776387218056	0.0043315923778361265	0.013064716861085584
14.8479	0.024740038527736406	-0.05245095357429068	0.00433602531261457	0.013085138690249753
15.8286	0.02475197142009583	-0.05245151785680986	0.004340439338385873	0.013101446209837359
16.8739	0.024762688108350975	-0.052449670947481646	0.004344863784257069	0.01311407231563867
17.9886	0.02477238666308794	-0.05244563092563761	0.004349331100259556	0.013123466757271572
19.1772	0.024781257049710605	-0.05243961450752654	0.004353870929900864	0.013130067367165878
20.4439	0.024789479238765323	-0.05243183459856481	0.004358509872386188	0.013134295454740645
21.7946	0.024797230819730873	-0.05242248156718059	0.004363278031595145	0.013136549836372332
23.2346	0.024804667149722757	-0.05241173181210759	0.004368199813954772	0.013137187862283873
24.7692	0.024811924152144883	-0.0523997428064196	0.004373295958770562	0.013136524875660666
26.4052	0.02481912342114192	-0.052386639615487195	0.0043785881102144965	0.013134829414358912
28.1499	0.024826366206138258	-0.05237252257690341	0.004384095034621207	0.013132321823228115
30.0092	0.024833726988790585	-0.05235748492286685	0.004389826738843704	0.013129180856120075
31.9919	0.02484127246374424	-0.0523415808138179	0.004395797918368187	0.013125541419340053
34.1052	0.024849045428190275	-0.052324865203182074	0.0044020140528325145	0.013121507410758605
36.3579	0.02485707952742018	-0.052307371930973304	0.0044084812809717395	0.013117152478228361
38.7599	0.024865399090500097	-0.05228912217068231	0.004415204686392361	0.013112527048714235
41.3206	0.024874015548939962	-0.05227014045255841	0.004422183806099888	0.013107667326555118
44.0499	0.02488293283505456	-0.052250449883760826	0.0044294156120725115	0.013102598350976312
46.9599	0.024892154000698486	-0.05223006311029576	0.004436898788302457	0.013097335018509767
50.0619	0.02490167226435349	-0.052209006388815676	0.004444625628663914	0.013091890863616699
53.3692	0.0249114804537215	-0.052187301808654	0.004452589093850625	0.013086275327208923
56.8946	0.02492156357920452	-0.05216498579563928	0.004460776376885258	0.013080499784247857
60.6532	0.024931907121605847	-0.052142092092262685	0.004469175373912729	0.013074573931285149
64.6599	0.024942489683810423	-0.05211866880519042	0.004477768564162051	0.013068510668319657
68.9312	0.024953287893787056	-0.052094767991789	0.004486536905447527	0.013062323666063512
73.4846	0.024964274450916705	-0.05207045021213653	0.004495458203213084	0.013056028680722516
78.3392	0.024975419316854684	-0.052045782003740416	0.004504508055908585	0.01304964296654409
83.5139	0.02498668547940809	-0.05202084530755522	0.00451365640545007	0.013043187745663177
89.0312	0.024998037303544118	-0.05199571900440239	0.004522874314363523	0.01303668344092286
94.9126	0.02500943050376626	-0.05197050111817123	0.004532125821607608	0.013030155428226815
101.1826	0.025020820687923315	-0.05194528990759304	0.004541374879775583	0.013023629143534611
107.8666	0.025032159187591475	-0.051920193096223526	0.004550581969108784	0.013017132472705863
114.9919	0.025043395275661993	-0.051895322964256606	0.004559705898172041	0.013010694481099533
122.5886	0.025054477707189493	-0.05187079293805399	0.004568705055040331	0.013004344530764779
130.6866	0.02506535081193129	-0.05184672623899525	0.004577534234359159	0.012998114519329708
139.3192	0.025075960579907585	-0.051823242413607466	0.004586149578940994	0.012992035393133516
148.5232	0.025086254752081972	-0.051800457132852126	0.004594508653399509	0.012986137095269435
158.3346	0.02509617885896105	-0.051778490960350636	0.004602567227412929	0.012980450835366102
168.7939	0.025105683342574816	-0.05175745358848217	0.004610285058915079	0.01297500500887463
179.9446	0.025114722351685045	-0.05173744650508809	0.004617624915780402	0.012969825887383452
191.8312	0.025123253249453647	-0.05171856408320657	0.004624552176040767	0.012964937900711786
204.5039	0.02513124116413332	-0.051700883508503166	0.004631038523137635	0.012960361029480076
218.0132	0.025138656012121743	-0.051684471368488964	0.004637059528582316	0.012956112510823941
232.4152	0.02514547674913861	-0.05166937424289923	0.004642598103997021	0.012952204402578271
247.7679	0.025151689800534383	-0.05165562217807247	0.004647643226494099	0.012948644482670234
264.1359	0.025157291496995096	-0.05164322329572344	0.004652191916517212	0.012945434853522614
281.5846	0.025162285917892113	-0.05163216856650652	0.004656247486598039	0.01294257317775933
300.1859	0.025166686840935724	-0.05162242749462194	0.004659821124514154	0.012940051561103706
320.0159	0.025170516351759032	-0.051613951195384436	0.004662930764243228	0.01293785734905139
341.1559	0.02517380431845203	-0.05160667355829782	0.004665600659274126	0.012935973427948949
363.6926	0.025176587312063493	-0.05160051363643257	0.00466786050603284	0.01293437884351863
387.7179	0.025178907266819494	-0.05159537861191929	0.004669744355952955	0.01293304956851906
413.3306	0.025180810134349366	-0.0515911667747055	0.004671289522680194	0.012931959273839283
440.6352	0.02518234411804671	-0.051587771430648716	0.004672535148338066	0.012931080340164903
469.7432	0.025183558135892747	-0.051585084303926894	0.004673520955309597	0.012930384738741018
500.7746	0.02518450026330471	-0.05158299898366188	0.004674285981798995	0.012929844923580298
533.8552	0.025185216215389737	-0.051581414283322496	0.0046748673493913016	0.012929434701092812
569.1219	0.02518574830615242	-0.05158023654443044	0.0046752994179080735	0.012929129826433461
606.7179	0.025186134443687166	-0.05157938186061713	0.004675612969483395	0.012928908579231126
646.7972	0.025186407650941378	-0.05157877713837404	0.0046758348194139735	0.012928752038179116
689.5246	0.02518659580632855	-0.05157836067118356	0.004675987605531755	0.01292864422965726
735.0746	0.02518672170774355	-0.05157808199782658	0.004676089840185649	0.012928572091052715
783.6332	0.02518680340628884	-0.05157790116370773	0.004676156181233882	0.012928525279543452
835.3999	0.02518685471631622	-0.051577787591921005	0.0046761978462081565	0.012928495879857275
890.5859	0.0251868858369417	-0.05157771870757901	0.004676223116996227	0.012928478048159697
949.4179	0.025186904024320386	-0.051577678449789395	0.004676237885742548	0.012928467626857603
1012.1359	0.02518691424063675	-0.0515776558351696	0.004676246181841456	0.012928461772744353
1078.9972	0.025186919742374882	-0.05157764365576037	0.004676250649624395	0.012928458619935983
1150.2759	0.025186922574883783	-0.051577637384347175	0.004676252949956875	0.012928456996497887
1226.2626	0.0251869239648212	-0.05157763430581901	0.004676254078910746	0.012928456199584522
1307.2692	0.025186924612794117	-0.05157763286943318	0.00467625460539416	0.012928455827763865
1393.6266	0.025186924898696363	-0.051577632234318035	0.004676254837889819	0.012928455663364214
1485.6892	0.025186925017527884	-0.05157763196884824	0.004676254934742974	0.012928455594653181
1583.8332	0.02518692506371205	-0.0515776318640156	0.004676254972628782	0.012928455567526025
1688.4606	0.025186925080232566	-0.05157763182466867	0.004676254986452431	0.012928455557351469
