Time in ps	0.525 ps (0.5 - 0.55 ps)	1.5 ps (1.3998 - 1.6 ps)	19.8 ps (19.1771 - 20.4 ps)	101 ps (94.9125 - 108 ps)	502 ps (469.744 - 534 ps)
335.0	0.013986841761670086	0.01452872761781623	0.01671135275914109	0.016741810351843855	0.01670583454326266
336.0	0.013890832772545568	0.014498809441738092	0.01694777639680461	0.01698273737550303	0.016946243848518415
337.0	0.01244907551892585	0.01303399982413938	0.015390181110479398	0.015424216987776497	0.015391072503129918
338.0	0.012393729726548203	0.01293455420123328	0.015113025167998118	0.015144108372671267	0.015111565802214986
339.0	0.012985911015171558	0.013539517726750917	0.015769453146081715	0.015801140016740392	0.015767185577177316
340.0	0.01307901597359703	0.013619138253765414	0.01579472658752839	0.01582546246162064	0.015791455756508813
341.0	0.014213792442019745	0.014722843663171113	0.01677313345323564	0.016801275261206935	0.01676517167081224
342.0	0.014404470895990566	0.014934164406351282	0.01706762428381899	0.01709707606550984	0.017060336840576826
343.0	0.01396165106086913	0.014460674478780338	0.01647057344641812	0.01649814869688044	0.016462696483070506
344.0	0.014306668843908646	0.014677016873167761	0.016168349922719275	0.016187088121141006	0.016152304332855874
345.0	0.013333290622640723	0.013763733008658617	0.015497310946531711	0.01552053174786545	0.015487180296084807
346.0	0.014671608751969701	0.015034302500377641	0.016494761961134703	0.016512823744664454	0.01647733999606705
347.0	0.014610106435804624	0.015020316776189972	0.016672264528750074	0.016693560769523406	0.016657688642390804
348.0	0.015152783781872778	0.01535822239232862	0.01618493403815484	0.016192169942531743	0.016157375233927154
349.0	0.012760656034859815	0.013061577220220184	0.014273251619233436	0.01428797990306879	0.01425727703268526
350.0	0.013152298713633328	0.01337277928146257	0.014260261841669964	0.014269388686212857	0.014238725765658922
351.0	0.015019162498065656	0.01512163850808067	0.015533439225217868	0.015533783268941049	0.015500403341105053
352.0	0.01233724085826549	0.012415315055596463	0.012728987817234846	0.012728858450995074	0.012701505914315408
353.0	0.0123487974225952	0.012437497180627775	0.012793988198518243	0.012794571037556011	0.012767077293729882
354.0	0.011803693122671918	0.011853701112119527	0.012054313167909364	0.01205252275091269	0.012026623565038499
355.0	0.01143215831071113	0.011407670370765621	0.011308105565931507	0.011301449017985677	0.011277163784442802
356.0	0.008654976492116594	0.008647392394619646	0.008616161544955462	0.008611861558736366	0.008593355872544159
357.0	0.012328475388602631	0.012214259829631464	0.011753039229844237	0.011739933455505891	0.011714705980119047
358.0	0.00993456619392909	0.01004428573322821	0.010485669194797794	0.010488727583151922	0.01046618877447876
359.0	0.011530223395165703	0.011540303954377377	0.011580036574683612	0.011575670603496692	0.011550796106155531
360.0	0.019235858267708125	0.018943009821419107	0.0177613966429016	0.01773320934998051	0.017695103162600458
361.0	0.012766946596014513	0.012312082753334008	0.010478075379875756	0.010441782725068224	0.010419344793659344
362.0	0.01634154635678609	0.015570230764824805	0.012460702267709145	0.012401483492167511	0.012374834437484095
363.0	0.01919459841228715	0.018522619659230674	0.015813180935101426	0.015759419052275153	0.01572555426377409
364.0	0.014863725651977315	0.014136764255632043	0.011206089503174093	0.011150511593386305	0.011126550702426704
365.0	0.013495529161666889	0.013015894912178355	0.011082010882766492	0.011043727257646819	0.011019995831585581
366.0	0.015325913518391276	0.014780336583440797	0.012580573754504918	0.012537037656654773	0.012510097315296367
367.0	0.018342591577595473	0.017540574501514923	0.014307169896758181	0.014245002861971631	0.014214392341928873
368.0	0.019181886192588385	0.018572321422431065	0.016114401099067435	0.016064857946501893	0.016030336812604715
369.0	0.0184978460026448	0.01785336956319643	0.015254814143270654	0.015203213713073285	0.015170544132097553
370.0	0.01601482281597358	0.015443314166068842	0.013138997875992849	0.01309340977922864	0.013065273871952627
371.0	0.0195411530368068	0.018697122079280225	0.015294316348133495	0.015228788650833137	0.015196064112655517
372.0	0.01917949202396822	0.018500512078097837	0.015762860939581354	0.01570863306289405	0.0156748774063738
373.0	0.016901302372900034	0.016290063731180165	0.01382557408626397	0.013776916086894693	0.01374731142009971
374.0	0.017956250736037686	0.017359635559196226	0.014953994462115237	0.01490586187844056	0.014873831265031822
375.0	0.017838464626483374	0.017210726981815857	0.014679676884977448	0.014629494975273091	0.014598058235654368
376.0	0.01983428504852052	0.019152454387110468	0.016403264806616726	0.016348557912515695	0.01631342714697908
377.0	0.018378326318895653	0.01779610214885081	0.015448421699409189	0.015401075829768861	0.015367981070847907
378.0	0.017829644025377827	0.017276859977403337	0.015047860428120015	0.015002742014090305	0.01497050321887012
379.0	0.014752752749849303	0.014489343226754076	0.013426709900484625	0.013402471965359836	0.013373671927032022
380.0	0.0	0.0	0.0	0.0	0.0
381.0	0.0	0.0	0.0	0.0	0.0
382.0	0.0	0.0	0.0	0.0	0.0
383.0	0.0	0.0	0.0	0.0	0.0
384.0	0.0	0.0	0.0	0.0	0.0
385.0	0.0	0.0	0.0	0.0	0.0
386.0	0.0	0.0	0.0	0.0	0.0
387.0	0.0	0.0	0.0	0.0	0.0
388.0	0.0	0.0	0.0	0.0	0.0
389.0	0.0	0.0	0.0	0.0	0.0
390.0	0.0	0.0	0.0	0.0	0.0
391.0	0.0	0.0	0.0	0.0	0.0
392.0	0.0	0.0	0.0	0.0	0.0
393.0	0.0	0.0	0.0	0.0	0.0
394.0	0.0	0.0	0.0	0.0	0.0
395.0	0.0	0.0	0.0	0.0	0.0
396.0	0.0	0.0	0.0	0.0	0.0
397.0	0.0	0.0	0.0	0.0	0.0
398.0	0.0	0.0	0.0	0.0	0.0
399.0	0.0	0.0	0.0	0.0	0.0
400.0	0.0	0.0	0.0	0.0	0.0
401.0	0.0	0.0	0.0	0.0	0.0
402.0	0.0	0.0	0.0	0.0	0.0
403.0	0.0	0.0	0.0	0.0	0.0
404.0	0.0	0.0	0.0	0.0	0.0
405.0	-0.01492853713059	-0.013909841493229599	-0.009803523842720312	-0.009728224464875524	-0.009707319869711888
406.0	-0.017281374342226104	-0.017247473065422153	-0.0171095225341151	-0.01709967051987369	-0.017062925719151398
407.0	-0.021532076157032617	-0.022045662337478584	-0.024113662162357795	-0.024138907095396026	-0.02408703596030977
408.0	-0.022342190638415634	-0.02300429947806478	-0.025670757055407986	-0.025705673234106274	-0.02565043533786531
409.0	-0.023091005897959645	-0.023834134491848784	-0.026827029670846648	-0.026867087237216394	-0.02680935362479436
410.0	-0.024589633722044132	-0.025364348113428678	-0.02848441281251654	-0.028525946626888763	-0.028464648357655335
411.0	-0.02390804138149425	-0.024665021600787883	-0.027713673319377893	-0.02775430832710246	-0.027694668200646172
412.0	-0.024980824503583784	-0.02573386817752494	-0.028766573476466148	-0.028806473227229498	-0.028744572145535805
413.0	-0.026526862920557125	-0.027294701109350922	-0.03038690633968522	-0.030427128116730796	-0.030361744474334002
414.0	-0.02821652397694456	-0.02900783546334667	-0.03219450351014244	-0.032235570302795086	-0.032166300571065884
415.0	-0.02817248600322998	-0.028975137864525942	-0.03220750903611503	-0.03224936061867252	-0.032180061253496456
416.0	-0.02764239995524616	-0.028433450368556594	-0.03161911066558939	-0.031660411112336126	-0.03159237731727506
417.0	-0.029749747767680145	-0.030547912217328006	-0.033762078122947604	-0.033802936467410546	-0.033730298684986545
418.0	-0.030659855629763855	-0.03147204219585904	-0.03474264450383884	-0.03478405106332524	-0.034709305002853054
419.0	-0.03144896366272862	-0.032260489328809885	-0.03552836739714869	-0.035569383973791155	-0.035492950342716725
420.0	-0.032028305791191446	-0.03283287158694104	-0.03607265786490093	-0.036112951064195285	-0.036035349383449225
421.0	-0.032170034999051605	-0.03300294329516172	-0.036356933942219685	-0.03639907833062224	-0.036320861802427135
422.0	-0.031154207469532236	-0.03201981234819325	-0.03550564292983453	-0.035550439052489086	-0.035474046131465486
423.0	-0.03218924879240423	-0.033043994416652935	-0.0364859841877583	-0.03652959426438786	-0.03645109727572875
424.0	-0.03358866434042572	-0.034485367798865546	-0.038096332241620325	-0.03814216213806898	-0.03806019996660513
425.0	-0.033549939768699896	-0.03445261751618105	-0.03808766028736023	-0.038133910418254466	-0.03805196597858966
426.0	-0.033788703553670904	-0.034687986158044595	-0.038309328661813864	-0.038355245108442446	-0.038272825051476445
427.0	-0.033590746119329475	-0.034556468811831956	-0.038445568518358016	-0.038496056548178545	-0.038413333907198956
428.0	-0.033556328967831825	-0.034575599224489856	-0.03868048889307762	-0.03873460663788532	-0.03865137138618608
429.0	-0.034384081331673644	-0.03539884644310046	-0.039485517253350616	-0.039538968601544364	-0.03945400488846407
430.0	-0.03474519611194611	-0.03581232341826721	-0.04010997682039693	-0.04016680475405132	-0.04008049190893985
431.0	-0.03556670980674647	-0.036604273692488476	-0.040782728257299804	-0.04083720100185059	-0.04074944756891753
432.0	-0.034918458722920494	-0.03593738498938297	-0.0400407832654318	-0.040094281624924316	-0.04000812462181823
433.0	-0.035118943991744325	-0.03617369034128496	-0.040421421798427414	-0.04047725039470933	-0.040390270445314944
434.0	-0.035559043132986565	-0.03666757039621827	-0.041131995534988086	-0.04119126191614271	-0.041102747655902015
435.0	-0.03442893375060027	-0.03554323529964015	-0.0400310170564696	-0.04009116783866594	-0.040005017526764414
436.0	-0.034253661727164375	-0.03545570687532166	-0.04029709350128996	-0.04036324400091691	-0.040276509035494845
437.0	-0.03413052525493424	-0.0352914146604385	-0.03996696035954171	-0.04003038659299604	-0.039944366891547
438.0	-0.03453643930124181	-0.035768542161695484	-0.04073103426986425	-0.04079909000873813	-0.04071141847123088
439.0	-0.03348622189743297	-0.034670153817271995	-0.039438606560965414	-0.03950387023925728	-0.03941898194785029
440.0	-0.03415648745605616	-0.03543214096027217	-0.04057016387159271	-0.04064132572819558	-0.04055399320411677
441.0	-0.03350277392220385	-0.0347531904098278	-0.03978956303887	-0.039859307418310674	-0.039773655342190226
442.0	-0.03404635397116314	-0.03528596365077394	-0.04027874476562409	-0.0403475217377269	-0.04026082055729441
443.0	-0.032360555331599095	-0.03364622507444957	-0.038824750340018754	-0.03889737435594473	-0.038813789339497806
444.0	-0.03409668050746824	-0.03537023262536043	-0.040499791935649024	-0.04057083811694846	-0.04048365706088654
445.0	-0.03308499351689583	-0.03440286690259592	-0.039711111273284506	-0.039785592084364635	-0.03970009841226843
446.0	-0.032578441697199194	-0.03393564734415609	-0.03940243295034596	-0.03947979053243087	-0.03939495398515236
447.0	-0.03257943199249383	-0.03393729693452077	-0.03940673930790461	-0.03948414096133501	-0.039399295065593955
448.0	-0.031244947982764885	-0.0326598401161102	-0.03835919511988449	-0.03844103037716529	-0.03835842598026591
449.0	-0.03221538308561894	-0.033576423517976614	-0.039058690670024904	-0.039136466014044906	-0.03905236722314952
450.0	-0.031836679504719655	-0.03319443151980942	-0.038663476166568955	-0.03874119527828389	-0.03865794586891999
451.0	-0.03167407324098582	-0.03297969371209796	-0.03823866992260112	-0.038312941137185696	-0.03823061198602083
452.0	-0.03167697004270711	-0.032985193088043624	-0.03825465699316159	-0.03832910262294404	-0.03824673874300944
453.0	-0.03065129555686641	-0.0320129504788229	-0.037497814682122266	-0.03757631606220144	-0.037495569815377605
454.0	-0.030840532031145576	-0.03214239098949781	-0.03738627332151128	-0.037460655437416654	-0.03738015772903014
455.0	-0.029471180871374587	-0.030887170112174567	-0.03659108322233703	-0.03667376886478539	-0.03659496206573868
456.0	-0.029334920055981106	-0.0307772490726543	-0.036587317387080875	-0.03667184069577366	-0.03659303804012381
457.0	-0.02929055513298994	-0.030631968696699423	-0.03603536883657868	-0.036113099409450594	-0.03603549741056922
458.0	-0.028547931856370855	-0.02995031176151251	-0.0355994529182459	-0.035681623961348656	-0.03560494914293896
459.0	-0.028713534444891043	-0.030015526066737117	-0.03526010723841132	-0.03533542923482669	-0.03525949834035219
460.0	-0.02756665646413924	-0.028976236040104523	-0.03465446637513307	-0.03473755289752313	-0.034662906755816646
461.0	-0.027665536634900442	-0.028965126969098663	-0.03420011228979075	-0.034275730869017966	-0.034202077118137594
462.0	-0.027067015405568964	-0.02837551740886053	-0.03364646140793247	-0.033722943512023776	-0.033650477623880855
463.0	-0.027121236194225185	-0.028331178621833063	-0.033204940607196184	-0.03327474585747578	-0.03320324308329817
464.0	-0.02718684118464451	-0.028357406825366006	-0.03307248219097651	-0.03313960065427095	-0.03306838828818916
465.0	-0.02536740504998806	-0.02659310351166929	-0.03153049497088423	-0.03160213141077428	-0.031534222851158325
466.0	-0.025907936275940513	-0.027055412812189386	-0.03167754187721912	-0.031743661483242286	-0.03167544879519961
467.0	-0.02417771346658481	-0.025292959963367872	-0.02978534120783977	-0.02985004243964794	-0.029785898874082735
468.0	-0.02434971982615159	-0.025374200010115353	-0.029500795630807288	-0.029559294530513786	-0.029495775741438468
469.0	-0.023805912609218362	-0.024872922953342043	-0.029170949658551833	-0.02923255750445522	-0.02916974082760763
470.0	-0.02176406185456201	-0.022815234276146425	-0.02704959458223372	-0.027111026970816673	-0.02705276916638636
471.0	-0.022439624195500132	-0.023501299371222677	-0.027777931775631957	-0.027839777463510886	-0.027779953676194735
472.0	-0.02054159472193993	-0.021670060150112663	-0.026215992123548464	-0.02628317710426184	-0.026226698233517774
473.0	-0.020498851479298575	-0.021480287039250562	-0.025433717696410327	-0.02549099634401005	-0.025436219758764318
474.0	-0.020761192564561375	-0.021700868817461305	-0.02548599652558003	-0.025540341451892712	-0.025485458830861077
475.0	-0.01888336140464965	-0.019742995461387282	-0.02320571212887752	-0.023255475793742243	-0.023205503029392935
476.0	-0.018687813488109224	-0.019454268699004778	-0.022541506036666166	-0.02258506538270732	-0.022536533236468564
477.0	-0.018160629005545645	-0.0189898406908493	-0.0223300163333277	-0.022378042698639793	-0.022329955415273044
478.0	-0.016537340101946244	-0.01736778817164035	-0.020713071563491333	-0.020761891855706913	-0.020717277454496093
479.0	-0.016741434115278005	-0.017525015328212212	-0.02068141773764336	-0.020726985023803542	-0.02068244563243733
480.0	-0.015808861109808472	-0.016599759372042007	-0.019785720214074307	-0.019832189587363228	-0.019789572986267948
481.0	-0.014397817287256635	-0.015106354135470169	-0.01796052185369428	-0.01800204911075612	-0.017963365225515303
482.0	-0.014444613641267959	-0.015087781424390125	-0.01767851964650595	-0.01771561377707905	-0.017677545401236727
483.0	-0.01264863323920792	-0.013319930360231696	-0.016024163557849233	-0.016063942567689143	-0.016029423402334955
484.0	-0.011476287093405198	-0.012042289888112106	-0.01432229591183543	-0.01435548028100039	-0.014324632362059097
485.0	-0.011363055255929172	-0.011973072536841423	-0.014430457973624732	-0.014466663035914385	-0.014435576200833184
486.0	-0.009917556474264939	-0.010528781870540616	-0.01299114740999829	-0.013028066677343256	-0.013000071184660768
487.0	-0.010486820556514532	-0.011074477223137463	-0.013441820956347494	-0.013476900099961667	-0.013447940126992073
488.0	-0.009527214102220618	-0.010143358144939822	-0.012625575107043705	-0.012662997242122413	-0.01263578623260974
489.0	-0.008603118797341061	-0.00917372039913621	-0.011472480652037641	-0.011507232959649366	-0.011482505525900341
490.0	-0.008105643851737255	-0.008607533741588654	-0.010629436241124567	-0.010659767993448144	-0.010636861643317997
491.0	-0.00717088100518828	-0.007690860360181721	-0.009785732410450556	-0.009817694384829889	-0.009796597533148255
492.0	-0.005990515699678019	-0.006483338286275224	-0.00846886445439869	-0.008499509861750791	-0.00848124560423842
493.0	-0.005621012663368253	-0.006097542782088211	-0.008017441688245875	-0.008047149016676497	-0.00802985681934144
494.0	-0.005582861800923985	-0.0060780086428480345	-0.008072932628478495	-0.008103913349663133	-0.008086499173736689
495.0	-0.004769497907514063	-0.005179094331413197	-0.006829327917791684	-0.006854889666405367	-0.006840159467605668
496.0	-0.003936717466863567	-0.0043259344725809085	-0.005894106873516176	-0.005918657422588272	-0.005905939055931016
497.0	-0.003585649036504724	-0.003981351926088294	-0.005575688409574337	-0.00560083043142989	-0.005588795030538536
498.0	-0.0032993447021362433	-0.0037262220897833916	-0.005446208446265317	-0.005473580165063033	-0.005461818207236114
499.0	-0.0026954477295799695	-0.003073146108332205	-0.004594996300591276	-0.004619312569073624	-0.004609386312788908
500.0	-0.0021737320845974717	-0.0025349024814587126	-0.003990188084115359	-0.0040136169946912836	-0.004004992293474133
501.0	-0.0018942697375284511	-0.002253814441913358	-0.0037025703663834822	-0.0037260118494948204	-0.0037180051715132666
502.0	-0.0014973283125883482	-0.0018382492309676037	-0.003211985208309899	-0.003234343249197914	-0.003227393098259973
503.0	-0.0012000596122170896	-0.0015279229183946847	-0.0028490619582236623	-0.0028706686696106376	-0.0028645000044714565
504.0	-0.0005517720292589787	-0.0008771502496582767	-0.002188324884426206	-0.002210047580360547	-0.002205298497556132
505.0	-0.00035531596068177695	-0.0006477598784978678	-0.0018262302110193043	-0.0018458157071776146	-0.0018418493076943448
506.0	7.411048817946179e-05	-0.00020871217419569482	-0.0013484436891887026	-0.0013675676638051258	-0.0013646289524761029
507.0	-3.701040284409864e-05	-0.0002858828484372957	-0.001288792356372927	-0.001305575935852362	-0.0013027704360372753
508.0	0.0004777731778719885	0.00023290644748820888	-0.0007539004770524233	-0.0007706389623323637	-0.0007689829672615466
509.0	0.0010784984964395104	0.0008135132535961644	-0.00025441413538567875	-0.00027277361210027576	-0.0002721874600681455
510.0	0.0009818221449375965	0.0007760287143519856	-5.335857417381534e-05	-6.768007997108222e-05	-6.753464518831893e-05
511.0	0.0013242961803970393	0.0011067276904744786	0.00022986253224091527	0.0002145962769660233	0.00021413513931804366
512.0	0.0018871510091562611	0.0017024727178811547	0.0009581058405009602	0.0009448134457017773	0.0009427831735128525
513.0	0.0021648799470833867	0.0019715798923860446	0.0011924473746090828	0.0011784514261093597	0.0011759190985628754
514.0	0.0024390661631152827	0.002261210751976872	0.001544296272229898	0.0015312228888978868	0.0015279325048287579
515.0	0.002505607154640128	0.0023324821050402437	0.001634625016027157	0.0016218418259081224	0.001618356714421382
516.0	0.0028465632301378748	0.002651383855671807	0.001864625374492382	0.0018502042121711863	0.0018462283818249888
517.0	0.002959474147133005	0.00280125112703863	0.0021634115630082373	0.0021514356685999373	0.0021468125340228256
518.0	0.0031658347776806254	0.003019280754996013	0.0024284492732474434	0.00241717075971792	0.002411976597604991
519.0	0.002923797208372756	0.0028193146402784343	0.0023980424398089323	0.0023897098323777863	0.002384574680007489
520.0	0.003163452912877239	0.0030896221493298295	0.002791852848285917	0.002785484456641482	0.0027794988399862802
521.0	0.0038030067971369084	0.003696910446629462	0.0032690671004573665	0.0032602407523793465	0.0032532349507974983
522.0	0.004001788559889941	0.0038874670979369384	0.003426462645002774	0.0034169940715400443	0.0034096514289863643
523.0	0.0036147090371431026	0.0035195239344660736	0.003135665544721241	0.003127658157271539	0.003120937257158826
524.0	0.0042758709546384215	0.0041720161080375535	0.0037531691193810664	0.0037442871218639224	0.0037362411723270983
525.0	0.004340920298468502	0.004264128217781697	0.003954334413129991	0.003947250778636838	0.003938768688616763
526.0	0.004267547016864638	0.0041844668483346685	0.0038493388163106227	0.003841862826817695	0.003833607200760866
527.0	0.004194319763812476	0.004147871659800165	0.003960370085650265	0.003955398940635199	0.003946899341390506
528.0	0.0044855595842429674	0.004469523615023819	0.004404555130274936	0.004401509445609455	0.0043920512173110365
529.0	0.004680778021113623	0.004650735636427476	0.004529308677439566	0.004525232068309282	0.004515507977379751
530.0	0.005203511382251884	0.005165419144455497	0.0050115123262592315	0.005006663538073281	0.004995904918230369
531.0	0.0046089850066922166	0.004593930700443809	0.0045329086156462245	0.004529875176999768	0.004520141108696776
532.0	0.0049578378118723425	0.004929152455495559	0.004813172690663351	0.004809066424737323	0.004798732413469622
533.0	0.0052739903086376425	0.00525461701000984	0.005176138796233651	0.005172522756631025	0.005161407728543887
534.0	0.00508139007330384	0.0050624904236973925	0.004985935803501422	0.004982436032443128	0.00497172947414458
535.0	0.005440029987288347	0.005414075307841743	0.005309062461899524	0.005304929484855129	0.00529352993321734
536.0	0.005559316095980752	0.005551110831143331	0.005517615806976047	0.005514628770658347	0.005502778604601384
537.0	0.0057878150378852565	0.005785292145265375	0.005774678443080749	0.005771974979787915	0.00575957181272229
538.0	0.005846746456849495	0.005824389623183972	0.005733844062320308	0.00572977594467923	0.005717463457415258
539.0	0.005682199764833544	0.005683980298735475	0.0056907168064164685	0.005688350064511794	0.005676126595699872
540.0	0.005442825172150701	0.005464623024392181	0.005552044301445176	0.00555113356726218	0.005539204957537897
541.0	0.005776731028506219	0.0058001474601027305	0.0058940655470354816	0.005893117931808543	0.005880454445510814
542.0	0.005738320932228446	0.005771010948424898	0.005902302922728381	0.005901998118529762	0.005889315549963616
543.0	0.006005265424917675	0.006010699096039527	0.006032132162431213	0.006029870623836203	0.006016913275105813
544.0	0.006137142911071796	0.006168774571412886	0.006295770763283537	0.006295219963458049	0.006281692416135125
545.0	0.0063603163888405635	0.00639606839925775	0.006539651648658165	0.006539281310592352	0.006525229309569546
546.0	0.00638781122939516	0.006398798477465623	0.006442581949250628	0.006440527867689456	0.006426688073976068
547.0	0.006175253772019864	0.006217011827348707	0.006384812674772475	0.006384928762711527	0.006371208443736166
548.0	0.006130399377263834	0.006193829022515297	0.006448966044816513	0.006450564673852447	0.006436703312508501
549.0	0.006536014444874015	0.006586931500991394	0.0067916136624572515	0.006792190121121956	0.006777594654450809
550.0	0.006918083502498124	0.006970544704931226	0.007181420005404652	0.007181933478891235	0.007166500508248864
551.0	0.006324313030410744	0.006382844283482668	0.006618226670861662	0.006619409770561097	0.006605185584710269
552.0	0.00665736631932703	0.0067008240121080465	0.006875436876060895	0.006875456688889786	0.006860682293999868
553.0	0.006617928317946209	0.006689083634053866	0.006975316113829979	0.006977222875908191	0.006962229799746547
554.0	0.006462274532174781	0.006549551200491929	0.00690076192429434	0.006903825060309833	0.006888989705808912
555.0	0.006608950649004879	0.006703327295354057	0.007083138361953178	0.007086616575924078	0.0070713884280266094
556.0	0.007007742279250592	0.007123919234142598	0.007591550934466959	0.007596326207482521	0.00758000276489194
557.0	0.006834067676032972	0.006944157036910025	0.007387270209304758	0.007391710560353148	0.007375826808166997
558.0	0.006705066666779674	0.006823571141047426	0.007300605706876304	0.007305670568103351	0.007289971703838473
559.0	0.006916942740437749	0.007043515423041217	0.007553047096007526	0.007558563858056298	0.0075423215614861955
560.0	0.006508425749699739	0.006666824391361258	0.007304640647269556	0.007312484571142241	0.007296771064585124
561.0	0.007175557039614739	0.0073108599391827536	0.007855552889373417	0.007861545784220008	0.007844652421870782
562.0	0.006777534174594435	0.006924944273519539	0.007518457848541989	0.007525442225616524	0.007509271102827472
563.0	0.0064621422788399795	0.006625652793549592	0.00728407257611749	0.007292281826591052	0.007276611732912842
564.0	0.007186356468219216	0.007339078495732043	0.007953966646726927	0.007961130668250528	0.007944023311932447
565.0	0.0070812493723763316	0.0072549705867257	0.007954489898144105	0.007963117442020162	0.007946005816428035
566.0	0.0073381644420150195	0.007512834445667954	0.0082161573749594	0.008224736521211636	0.00820706271280499
567.0	0.007096946280114462	0.007292579793128704	0.00808040061822891	0.008090500450348927	0.00807311509651153
568.0	0.006742108371172996	0.006959501676151725	0.007835038049251477	0.007846762047228641	0.00782990045316035
569.0	0.007057849291005801	0.007262875802953723	0.00808855178731027	0.008099302791985213	0.008081898523157743
570.0	0.007494637517652953	0.007691576540175344	0.00848462763353152	0.008494641534261865	0.008476387737752895
571.0	0.0069892785465266475	0.007215495150208315	0.008126568787254627	0.008138780210140598	0.00812129110988732
572.0	0.007188497679473679	0.007406442382318081	0.008284166325778847	0.008295732173404992	0.008277905805321426
573.0	0.007086616678791994	0.007301127208543458	0.00816501990233861	0.008176398521394294	0.008158828584636874
574.0	0.006893114006886367	0.007116908002987818	0.008018226380830981	0.008030316357497617	0.00801306033089291
575.0	0.007158766297376512	0.007387515627990802	0.008308782624536043	0.008321090835644165	0.008303209975354513
576.0	0.006646285943321234	0.0068621365727338565	0.007731463632111646	0.00774312543268692	0.007726486539208616
577.0	0.007028175253731209	0.007237527220360038	0.008080636320656155	0.008091692296418748	0.008074304381487117
578.0	0.007429636458250229	0.007632263013464976	0.008448238886236073	0.00845866516479328	0.008440488676478022
579.0	0.006998617179003414	0.007189157985353623	0.007956463686741869	0.007966262778795433	0.00794914439433441
580.0	0.006552865011563143	0.006758415778465934	0.007586243409142013	0.007597250819892559	0.007580925390545404
581.0	0.006758350934651974	0.006936193136166709	0.00765234423559269	0.007661391284098741	0.007644928025830663
582.0	0.006749206300611126	0.006928193621765364	0.007648960058842475	0.007658088409350603	0.007641632248499837
583.0	0.006836387254943766	0.006992840470771058	0.007622791678857443	0.007630360740292659	0.007613964162298408
584.0	0.006614519966634018	0.0067763680789753485	0.007428076905835547	0.007436107246917624	0.007420128092522102
585.0	0.006836750292990186	0.006969308674527485	0.007502967857590157	0.007508923773581358	0.007492788146618098
586.0	0.006559484141656475	0.006677704928334251	0.0071536075235321735	0.0071587169520904576	0.007143333870595655
587.0	0.006105454108717506	0.006219766636919877	0.006679954691408923	0.006684999014376318	0.006670633886478993
588.0	0.006924303536148968	0.007027298593014306	0.007441815995553133	0.007445737962150803	0.0074297381126251
589.0	0.006641455545304954	0.0067351323698596225	0.007112120767444077	0.007115537514495578	0.007100247219544671
590.0	0.0061735987436133235	0.006267808030505842	0.006646978282051488	0.006650635739584331	0.006636344453535192
591.0	0.006339199729845193	0.006399832983671116	0.006643684916495141	0.006645003393266516	0.006630724210302075
592.0	0.00690060925189028	0.006958578497666058	0.007191651597289019	0.00719254453132313	0.007177088759019507
593.0	0.005979696147049722	0.006034979077017794	0.006257297899676142	0.006258412554809169	0.006244964101488285
594.0	0.005770373560128503	0.005824642057097913	0.006042889054594878	0.0060440268463166184	0.006031039077901788
595.0	0.005554303091671324	0.005621245943682063	0.005890585055233843	0.0058926729789203	0.005880010448815821
596.0	0.006654150829396198	0.006712945088989269	0.006949361879258395	0.006950418372382881	0.0069354828953362094
597.0	0.006043012637203135	0.006055045208673799	0.006103067773144565	0.006101235163001095	0.006088124461863695
598.0	0.005853325163644012	0.005888821082308034	0.006031411472432464	0.006031245742637834	0.006018285439005159
599.0	0.005387527670717979	0.005403043412521072	0.005465153154435021	0.0054638425575028425	0.005452101523944052
600.0	0.006707299514511807	0.006720705276107815	0.00677421026557538	0.006772179611533754	0.0067576271446048155
601.0	0.005887599980084131	0.005892686601356979	0.005912730202787625	0.005910496735847706	0.005897795904908616
602.0	0.005570531656409771	0.005572791666336921	0.005581469000499144	0.005579183498833995	0.00556719461370613
603.0	0.005390289203117826	0.005401940266189362	0.005448475816493618	0.005446903131318125	0.005435198498212758
604.0	0.005190936947761585	0.005213607616601597	0.005304565640380484	0.0053038240686131746	0.0052924268924180815
605.0	0.00542495592702642	0.005447162199518248	0.005536230718359167	0.005535355374851137	0.005523460670256365
606.0	0.006379594374671601	0.00634902949760601	0.006225365817411387	0.006220510415457212	0.006207143408431449
607.0	0.006710059584955557	0.00666553511661363	0.006485591212839041	0.006479648853623654	0.00646572499431632
608.0	0.005096531638546572	0.0050702494015843706	0.004963943078304275	0.004959938329239488	0.004949280115350211
609.0	0.005962455882727844	0.005951224670845452	0.00590550448299096	0.005902136741842768	0.005889453875342322
610.0	0.006172825567655325	0.006149513475969976	0.006055093215490704	0.006050817899141315	0.0060378155376114625
611.0	0.0049440594854717685	0.004951224009290715	0.004979714046364993	0.0049780338056111696	0.004967336707113433
612.0	0.006634546330345295	0.006586429888214844	0.006392016789712864	0.006385865009418245	0.00637214267847285
613.0	0.004929939808428889	0.0049035993387341135	0.0047970712105731535	0.004793135443011144	0.004782835665198127
614.0	0.005303990293536029	0.005275678849510206	0.005161179158953297	0.005156946632527283	0.005145865075342015
615.0	0.004522054436695788	0.004512999994017083	0.004476163020579107	0.004473572641119649	0.0044639595590998905
616.0	0.004956170737202015	0.004963887525578482	0.00499460215696021	0.004992953895289899	0.0049822247356065665
617.0	0.005635252529272444	0.005570717513913191	0.0053102175981571235	0.005303394867560502	0.005291998613554833
618.0	0.006467953427326255	0.006447135283096411	0.006362742406734042	0.00635850627181636	0.006344842731004586
619.0	0.005162932483248809	0.005160963610025592	0.005152630757192656	0.005150238185184517	0.005139171043545761
620.0	0.004799418822133767	0.004758849937878396	0.004594993868896431	0.004590154757851792	0.004580291157128895
621.0	0.005426482370730277	0.005378496864800084	0.005184704692876529	0.005179090485855084	0.005167961344602297
622.0	0.005214262605973125	0.005144344458752729	0.00486218396978654	0.004855182113685061	0.004844749006201764
623.0	0.005255290291898855	0.005186391766678085	0.004908337007967159	0.004901386023357805	0.004890853630135115
624.0	0.004740510051734817	0.004727729991091936	0.004675862562481834	0.004672925078822917	0.004662883616288103
625.0	0.0054114810782091875	0.00530840581581367	0.004892612732616146	0.004883286336147187	0.004872792836580594
626.0	0.005256148264971481	0.005237548559293959	0.005162189167225925	0.005158633156852872	0.0051475479755742175
627.0	0.004274479444008457	0.004221904503187681	0.004009706660557052	0.004004286848630826	0.003995682196101192
628.0	0.006238480502074747	0.006123267478402937	0.005658497489199536	0.0056479897968463606	0.005635853056466547
629.0	0.005029909375015165	0.004979174945535117	0.004774335713241103	0.004768709512590471	0.004758462222657153
630.0	0.004631881142591193	0.004604622783508311	0.004494418735486879	0.004490551458763852	0.00448090189161771
631.0	0.004354957081728835	0.0042587796486029846	0.0038708651851756303	0.0038624668267474064	0.0038541669255604863
632.0	0.004359870969465284	0.004316041503127549	0.004139079797666526	0.004134212963066998	0.004125329117497058
633.0	0.005405408332776316	0.0053300197912705335	0.005025799812798278	0.005018345026618906	0.005007561304846367
634.0	0.00543163750674509	0.00540471194356698	0.005295787254235069	0.005291592412221147	0.005280221520086202
635.0	0.00426345378153903	0.004197695179816273	0.003932370344187135	0.003926065413734156	0.003917628848113747
636.0	0.005364911888604401	0.005350701210390373	0.005293020432439174	0.0052897130943880075	0.005278346240659385
637.0	0.004944432363299455	0.00486153984519679	0.004527115748085768	0.004519356172550865	0.00450964470803682
638.0	0.005920266594421259	0.005877317732398151	0.005703784227348596	0.005698293896701772	0.005686049059931898
639.0	0.0037712550565600533	0.0036866738805469918	0.0033455353707951305	0.003338175270562303	0.003331001998625023
640.0	0.0042391217211912415	0.004191319619824616	0.003998358214256798	0.003993276061070914	0.003984695069189638
641.0	0.0049432272328587355	0.0048440207859525505	0.004443854506208673	0.004434994209734809	0.004425464027262061
642.0	0.0047595727359059335	0.004645559095733363	0.0041857366008842215	0.004175957146299453	0.004166983598233975
643.0	0.004814182192525878	0.004732525712895355	0.004403092691166157	0.004395473559365374	0.004386028301264446
644.0	0.00460819974087651	0.004534632287521887	0.004237812529133605	0.004230829588016148	0.004221738126794994
645.0	0.004739877021946312	0.004668575218574344	0.004380875465764503	0.004373987832770078	0.0043645887445032845
646.0	0.005216222520857423	0.005120963089761564	0.004736681513991284	0.004727968173032213	0.004717808430487318
647.0	0.00472906109114068	0.004592300204331053	0.004040812645584349	0.0040295110247704526	0.004020852168913682
648.0	0.004606817447900011	0.0045255396380836	0.004197648600357379	0.0041901457876638	0.004181141750231106
649.0	0.005019772462729401	0.004926426949979906	0.004549873298156728	0.004541375134015145	0.004531616353819686
650.0	0.00417412118516022	0.004109470856403504	0.003848619064230933	0.0038424280444472026	0.0038341712038386273
651.0	0.004084138284924242	0.0039912900675104605	0.00361681267065759	0.003608757575711104	0.0036010028602292137
652.0	0.004864586567010487	0.0048119392430638445	0.004599404145962775	0.0045937211751176515	0.004583849910648437
653.0	0.005168131248499451	0.005037338730135221	0.004509868749523711	0.004498777846576888	0.004489110601950718
654.0	0.005176727489211204	0.005040958404944255	0.004493433071663506	0.004482002470440096	0.0044723712737454145
655.0	0.0042584675807148704	0.004120384090082554	0.0035636030048919374	0.003552418068754275	0.003544784418940414
656.0	0.004739624824141372	0.004587371922780477	0.003973453443185191	0.00396110143268558	0.003952589579457205
657.0	0.004903892111566628	0.00477668587699433	0.00426368839426704	0.00425295522808777	0.00424381622189648
658.0	0.005154971326460435	0.005053565528676492	0.004644519900999808	0.004635418466237936	0.004625457600063233
659.0	0.00528465031529905	0.005074665710016849	0.004228056493040619	0.004211568844709572	0.004202518771970217
660.0	0.005789605702068299	0.005545081817340288	0.0045592463653304814	0.004540206188077005	0.004530449919603267
661.0	0.005437608455040251	0.005262736609077993	0.004557613851986523	0.004543429494816138	0.004533666299989735
662.0	0.006079742008409371	0.005856775710354025	0.004957791154903636	0.004940079207391625	0.004929463667744344
663.0	0.004398166126462377	0.004325467997905291	0.004032167683232516	0.004025335350270944	0.004016685467430855
664.0	0.005183582884625362	0.004950117612793755	0.004008893225861598	0.003990864783065438	0.00398228897246279
665.0	0.00475079790969875	0.004576352537852389	0.0038730014265337858	0.0038591464549749123	0.003850853688709603
666.0	0.004988119091320899	0.004781767618411722	0.003949822184221638	0.0039337095684158895	0.003925256576408995
667.0	0.004726968247848194	0.004619237588103372	0.004184736921356643	0.004175395860403818	0.004166423518470703
668.0	0.005412244726949316	0.0051869173848491275	0.004278469774010248	0.004260890591833865	0.004251734533538998
669.0	0.004508306380537203	0.004374107971840227	0.0038329637959056903	0.0038219317694496487	0.0038137189723871498
670.0	0.005850076917326431	0.005615956822819159	0.004672042154085357	0.004653677803284597	0.004643677700190325
671.0	0.003739194692373697	0.003605155969756261	0.00306471468514411	0.00305403005598241	0.003047467372316844
672.0	0.005311679675706108	0.005132111830610053	0.004408074742686904	0.0043936285042034395	0.0043841872107516985
673.0	0.005046707212092752	0.004883920735013127	0.004227530079892733	0.004214332614387634	0.0042052766027498144
674.0	0.004172916153525615	0.004074576420950821	0.0036779623251548166	0.003669497677843204	0.003661612440369371
675.0	0.004162114785919157	0.004053771402144527	0.003616845178150715	0.003607709976143681	0.0035999575117883504
676.0	0.004611022815155377	0.00450411889553438	0.0040729587990220445	0.00406372429193514	0.0040549919165871855
677.0	0.004623400935629366	0.004419204222317102	0.0035959702523896383	0.0035801627171185985	0.0035724694478567343
678.0	0.005569699629029961	0.005371020877844754	0.004569950263520746	0.004554101042841452	0.004544314916322394
679.0	0.004131235512575817	0.003997832056630115	0.0034599205153147605	0.00344910718400507	0.0034416955348408164
680.0	0.004440034132503074	0.00426943723219173	0.003581618781684382	0.0035681596079888064	0.0035604921317698374
681.0	0.004514831272972607	0.004366403991352311	0.0037679194459353327	0.003755924064042931	0.0037478531082917447
682.0	0.004267231016180876	0.0041091840289180235	0.0034719528722863277	0.003459416493409926	0.003451982690952162
683.0	0.0038629866676623274	0.0036851678994460567	0.0029682911409899516	0.002954597022414274	0.0029482480063808356
684.0	0.0037468565796381255	0.0036402617038411795	0.0032104137235209884	0.0032015782985318044	0.0031946985543591625
685.0	0.004053298789782426	0.003901262283337628	0.0032882688297256207	0.0032762318116857088	0.003269191647499059
686.0	0.0047265723775461255	0.004576363710632125	0.00397068414560992	0.003958475840905622	0.003949969629709241
687.0	0.004709076812119454	0.004483750756569612	0.003575362623065975	0.0035580912839706467	0.003550445443106982
688.0	0.005127089270912055	0.004861922860624776	0.0037929528001569702	0.0037728091430488326	0.0037647019034854085
689.0	0.003936856358399064	0.003748335470873338	0.002988325342481743	0.0029738764620512803	0.002967486017185436
690.0	0.005022371914798566	0.004828136113990928	0.004045012071584816	0.004029702315396264	0.004021043048414397
691.0	0.0033665005728768832	0.0031781418110392572	0.0024188290588918636	0.002404640750734916	0.0023994735138093875
692.0	0.004074003364065907	0.0038710989960250236	0.003053115371085174	0.003037635529137915	0.003031108074936055
693.0	0.003970418061108251	0.0037635911885405765	0.002929808555380273	0.002914109266672537	0.002907847253129801
694.0	0.003951896465695153	0.0037717575022207872	0.0030455238983850756	0.0030316342451088317	0.0030251196868541644
695.0	0.003871710927810612	0.003685182294781328	0.002933205633052632	0.0029189197491760127	0.002912647398603206
696.0	0.0040287296408149575	0.0038489123644501154	0.0031239691709050053	0.003110067605000333	0.0031033845044239785
697.0	0.004241232131085443	0.004035876415416634	0.0032080013768805006	0.0031922828690350595	0.0031854230993231597
698.0	0.004417897474756605	0.00424644270261727	0.0035551688881080385	0.003541661493577926	0.0035340509581002376
699.0	0.0040464187354476355	0.003874919500885917	0.0031834951930925994	0.0031701473826774586	0.003163335179070482
700.0	0.004499550386952236	0.004290134909929124	0.0034458797990233815	0.0034297741843841165	0.00342240407904215
701.0	0.004459304924220149	0.0042821037784137785	0.0035676698873695132	0.0035537564692767073	0.003546119943380809
702.0	0.004395946117787031	0.004203019135715679	0.0034252177709526445	0.0034102705331292503	0.0034029423384259773
703.0	0.004313069117215665	0.004114392463539037	0.003313427328336327	0.003298128240032453	0.0032910410234279256
704.0	0.004704791077768373	0.004472516433569811	0.00353612703577031	0.0035183885178958494	0.003510827992716078
705.0	0.004591229408517179	0.004372247737155355	0.003489435459900204	0.003472643967765387	0.0034651817412425963
706.0	0.004610819445169863	0.004385816667287637	0.003478738872776711	0.0034615323604813737	0.003454094011241604
707.0	0.004269116941620214	0.004048310094536837	0.0031581675496431465	0.0031413938309354968	0.0031346434146316497
708.0	0.004238582427292725	0.0040154990571513675	0.003116184880689072	0.00309927085262686	0.0030926109527101
709.0	0.0041943936459459446	0.00398870331564408	0.003159483455221944	0.0031437628595437457	0.003137007352546673
710.0	0.00472571562916344	0.0044934956284987514	0.003557324818950537	0.0035395808316393165	0.003531974767140967
711.0	0.0043798877986459366	0.004164074614974949	0.0032940471061879335	0.00327756199637766	0.003270518973734344
712.0	0.004143067579005488	0.00393385451641696	0.003090442624859293	0.0030745066961185975	0.0030679000109275663
713.0	0.004488335413085666	0.004265256439099144	0.003365940694527968	0.003348917653572237	0.003341721297591549
714.0	0.0044551800939722636	0.004229590702146734	0.003320160973362932	0.0033029829813709275	0.003295885332574186
715.0	0.004265010251919519	0.00402635647800105	0.0030642942609470855	0.0030463176083932626	0.0030397714975747316
716.0	0.004528421788527822	0.004309286030645723	0.0034258576611828806	0.0034090832567348003	0.0034017576132913253
717.0	0.0045110046876931055	0.0042850283018441016	0.0033740347446183493	0.0033568061963411373	0.003349592888981752
718.0	0.004326977451183793	0.004120970217285403	0.0032904630538593102	0.003274663037965627	0.003267626244790192
719.0	0.004199632137557759	0.003973825881168664	0.0030635419574598544	0.003046461172276691	0.0030399147529747163
720.0	0.004371562746228081	0.0041366941755410815	0.0031898774374340606	0.003172109664659763	0.003165293244307922
721.0	0.0044578345064152205	0.0042465061022780096	0.0033945454511052978	0.0033783289648949156	0.0033710694081331167
722.0	0.004390254096455456	0.004172582220003902	0.003295063704463379	0.003278448589231677	0.0032714036614220933
723.0	0.004230785776206089	0.00399984823120819	0.0030688837077302404	0.0030514429072160286	0.0030448857828562314
724.0	0.004365866200319109	0.00415776147170922	0.0033187987693084273	0.003302840144560112	0.0032957428027204777
725.0	0.004286871011352124	0.0040708942436840645	0.0032002147020213463	0.0031837592604619922	0.003176917806780331
726.0	0.004172533517809078	0.003956978073676363	0.003088005220253784	0.0030716282617460136	0.0030650277619003845
727.0	0.004372746008810945	0.004149795378551425	0.003251005761570481	0.003234041974409221	0.0032270924701986742
728.0	0.004204359717309332	0.0039896207007849415	0.003123935450272356	0.0031075996741346135	0.0031009218767550726
729.0	0.004348639992624757	0.00410875524688647	0.003141725971812955	0.0031236296219543476	0.0031169173784287366
730.0	0.00428239230791998	0.004052810632624927	0.0031273060419419493	0.003109934180784835	0.0031032513668593316
731.0	0.004266402018437686	0.004032268202990375	0.0030884205194409123	0.0030707483710716893	0.003064149761965998
732.0	0.004217051336211686	0.00399089039012188	0.0030791757840780676	0.003062063432196015	0.003055483485818915
733.0	0.004358090293426373	0.004117810899533678	0.003149190531847358	0.0031310634057075265	0.003124335188019722
734.0	0.004159899660731673	0.003942092968504858	0.0030640489550517133	0.0030475255587402847	0.003040976852230152
735.0	0.004374180094947897	0.0041446692199276205	0.003219442854863783	0.003202035600121342	0.003195154873125485
736.0	0.0041082709352289176	0.0038678696826398642	0.0028987775347184565	0.002880751521380856	0.002874561188928019
737.0	0.004392137472599816	0.004148587899958783	0.003166786655851338	0.0031484238795161353	0.0031416583565939673
738.0	0.00449241657291203	0.0042573658226762985	0.003309805601572056	0.003291972636808033	0.003284898647690798
739.0	0.004280344238802936	0.004043996639804702	0.0030912267197886517	0.0030733990310265603	0.0030667947260206714
740.0	0.004023856826990066	0.0038113377293844735	0.0029546123002223913	0.002938505377418789	0.002932190940038915
741.0	0.0038053144738944204	0.00359633660531211	0.0027538985828833786	0.002738126355330705	0.002732242504451949
742.0	0.0043250414735648	0.0040827225141159985	0.003105885606224076	0.003087635266645064	0.0030810003699525703
743.0	0.004182614226629823	0.003965297225233529	0.0030892248262283555	0.003072724544287088	0.003066121688681492
744.0	0.004154846137382582	0.0039384566058594354	0.003066123892016389	0.0030496983708886184	0.0030431449953107143
745.0	0.004243245307332614	0.004043404425621667	0.0032377530465682912	0.0032224059285787016	0.003215481428630887
746.0	0.004327000995005997	0.004117946504951347	0.003275159431126561	0.0032591537042676393	0.003252150238477832
747.0	0.004505139677668738	0.004297787669315949	0.003461847544175303	0.003445878774761443	0.0034384740629093175
748.0	0.004032636426287126	0.0038230292579539867	0.0029780377158461417	0.0029621235160795538	0.0029557583266259834
749.0	0.004270055581476377	0.004061088933446402	0.0032186602444454317	0.0032026853705950315	0.003195803247357703
750.0	0.004185844709279043	0.003981318774960505	0.0031567918864840606	0.00314115363331042	0.0031344037331770247
751.0	0.004188369269572018	0.003974102810035638	0.0031103231160651067	0.003094026237765702	0.003087377607803333
752.0	0.004262358270066084	0.004056550382671428	0.0032268515400940244	0.00321109326274482	0.0032041930721267986
753.0	0.0043175954206501515	0.004106643478384967	0.003256210730711729	0.0032400810356074945	0.0032331185543132087
754.0	0.004640236124527959	0.004431650983260934	0.0035907311174388887	0.0035746199793517263	0.0035669386206529973
755.0	0.004311789644186011	0.0041056702497005385	0.0032747122714293056	0.0032589113315592147	0.003251908386597951
756.0	0.004196811497286335	0.003985238446527551	0.003132312066340012	0.00311619330782248	0.0031094970439296634
757.0	0.004303896694374802	0.004086172599101141	0.0032084503186521453	0.0031918694745978688	0.003185010593198108
758.0	0.004293721857015184	0.00408150762062269	0.0032259898920255345	0.0032097854363323055	0.0032028880560427417
759.0	0.004092522919307832	0.00389201003904741	0.003083662261066568	0.003068335747602411	0.003061742322927116
760.0	0.00425005307888858	0.00403916060417907	0.0031889727153958172	0.0031728765958908547	0.003166058527539536
761.0	0.00406631932259868	0.0038825086596763945	0.0031414699153872634	0.0031272823297294507	0.0031205622371122633
762.0	0.004283555993553802	0.0040819201605720185	0.00326903232982901	0.003253546403405586	0.0032465549869300056
763.0	0.004136469287655786	0.003941153975060086	0.003153748091238628	0.003138753198079874	0.00313200845615705
764.0	0.004095016394330312	0.003894782681385077	0.00308755970626275	0.0030722509462664076	0.003065649108377027
765.0	0.004140064351844537	0.003942165613506724	0.003144348698852365	0.0031291778417848713	0.003122453675960611
766.0	0.004239912177714148	0.0040514436284608685	0.003291621014696961	0.003277043028530223	0.0032700011211087288
767.0	0.0041794133691121955	0.003988860136812506	0.0032206412867186586	0.0032059490555863884	0.003199059919168295
768.0	0.004007426791327748	0.003817590903364274	0.003052276104671391	0.003037707570385533	0.003031179961392634
769.0	0.004033362287208179	0.003852427287420578	0.003122979506557412	0.0031090004627593584	0.00310231965532112
770.0	0.003954285074967875	0.0037809983486597337	0.003082377876001633	0.0030689497277524565	0.00306235498375203
771.0	0.004242802427809479	0.004055789480975725	0.003301832466851788	0.0032873514740620544	0.003280287415234403
772.0	0.003963394669450438	0.0037892033709068644	0.0030869369272094626	0.00307344373010187	0.003066839329117773
773.0	0.00417733827347944	0.003987278511451985	0.0032210484203451803	0.003206390408425873	0.0031995003236028343
774.0	0.004034222033242434	0.003872853323260119	0.003222254196881484	0.0032095955711566614	0.0032026985989212237
775.0	0.004058808412658801	0.0038914994179129452	0.0032169600860267756	0.003203889709143784	0.0031970049980008302
776.0	0.003999178099020317	0.003837347991896378	0.0031848922216513747	0.003172217787688809	0.0031654011350824834
777.0	0.004033206241078352	0.003869522140022782	0.0032095924715921757	0.0031967779932932073	0.0031899085642374016
778.0	0.00399223742327729	0.00382877998190695	0.0031697668755787047	0.003156985628482231	0.0031502017076539992
779.0	0.004182907342223789	0.004021558991143564	0.003371030427334798	0.0033583081006543086	0.003351091565989376
780.0	0.004062580470254132	0.0038982438573050776	0.003235682412198583	0.0032228110307696445	0.0032158856603560584
