Time in ps	350.0	440.0	520.0	600.0
0.3498	0.01329222107749707	-0.033603518001153104	0.0034399682291217327	0.005782932628955342
0.3998	0.013305251461252011	-0.03367983460437884	0.0034327946769902597	0.005784753154234068
0.4498	0.013317331853272186	-0.033753254139647075	0.0034254957256456887	0.005786204332528528
0.4998	0.013329254232099123	-0.03382578423970545	0.003418275007101682	0.005787630238322198
0.5498	0.013341040102382712	-0.033897484929177886	0.0034111367106493427	0.005789039725304884
0.5998	0.013352691273635335	-0.033968366317380844	0.0034040799589172073	0.005790433089648339
0.6498	0.013364209286373436	-0.03403843776877132	0.003397103820678966	0.005791810516245944
0.6998	0.01337559566191882	-0.03410770853677259	0.0033902073749385174	0.0057931721871863715
0.7498	0.013386851904207272	-0.03417618776907577	0.0033833897112206896	0.005794518282475719
0.7998	0.01339797949999229	-0.03424388450886095	0.0033766499294523547	0.005795848980063534
0.8498	0.013408979919041457	-0.03431080769599117	0.003369987139843586	0.005797164455866319
0.8998	0.013419854614330462	-0.034376966168192864	0.0033634004627701806	0.005798464883790757
0.9498	0.01343060502223496	-0.034442368662222715	0.003356889028657513	0.0057997504357566705
0.9998	0.01344123256272023	-0.03450702381502125	0.0033504519778657206	0.005801021281719723
1.0998	0.013462124640365038	-0.034634126152434816	0.0033377976366794067	0.005803519525773495
1.1998	0.013482541885850541	-0.03475834032264435	0.003325430756506785	0.005805960937160549
1.2998	0.013502495086974771	-0.034879731942444585	0.0033133448064689808	0.005808346807072589
1.3998	0.013521994786445833	-0.03499836513787037	0.0033015334040633337	0.005810678397366497
1.4998	0.013541051287450106	-0.03511430257806556	0.003289990311792426	0.005812956941230804
1.5998	0.01355967465909404	-0.03522760550838238	0.0032787094338696697	0.005815183643837005
1.6998	0.013577874741722208	-0.03533833378272875	0.0032676848129997594	0.005817359682976083
1.7998	0.013595661152114623	-0.03544654589518083	0.0032569106272322614	0.005819486209680576
1.8998	0.013613043288565923	-0.03555229901087726	0.003246381186886692	0.005821564348832507
1.9998	0.013630030335849185	-0.035655648996211514	0.0032360909315474486	0.0058235951997575005
2.1998	0.01366285486339211	-0.03585535672400988	0.0032162063629959047	0.005827519309917692
2.3998	0.013694204124100846	-0.036046091139427416	0.003197214913608301	0.005831266845374349
2.5998	0.013724144390210146	-0.03622825534341302	0.0031790764625057684	0.005834845738252207
2.7998	0.013752738956860076	-0.036402234328733546	0.0031617526911276433	0.005838263564347495
2.9998	0.013780048275833668	-0.03656839579343319	0.0031452070022673635	0.005841527559134996
3.1985	0.013805964395344482	-0.0367260827793982	0.003129504832361322	0.005844624832140753
3.4091	0.01383217016923406	-0.036885534712079934	0.003113626547704732	0.005847756496738458
3.6345	0.013858846533352282	-0.037047852895222916	0.0030974624255662915	0.0058509441416029154
3.8745	0.013885771146218851	-0.03721168488398845	0.0030811470831316116	0.005854161159338403
4.1305	0.013912899017522762	-0.0373767573922276	0.0030647076679660126	0.005857402132449558
4.4038	0.01394015048615098	-0.03754258622234344	0.0030481923235473455	0.005860657496021485
4.6945	0.013967317135037268	-0.03770790370350419	0.003031727218146357	0.005863902302285374
5.0045	0.013994354260563084	-0.037872438424604665	0.0030153392938586845	0.005867131156416002
5.3351	0.014021140762759616	-0.038035454136147055	0.0029991017810402716	0.005870329533682112
5.6878	0.014047558725724406	-0.03819623400821448	0.002983085969666516	0.005873483285795857
6.0631	0.014073412165545517	-0.038353586099633234	0.002967410475514638	0.005876568943798225
6.4638	0.014098658959434069	-0.03850725493341805	0.002952100620826752	0.005879581400804657
6.8911	0.014123136409828102	-0.03865625121638978	0.0029372548253203162	0.005882501155598205
7.3465	0.014146705129399546	-0.038799727518635516	0.0029229573776699313	0.0058853114899778715
7.8318	0.014169245439057405	-0.03893695636435696	0.002909280616138552	0.005887998037635683
8.3491	0.014190654558722504	-0.039067313144752626	0.002896286629268795	0.005890548447920638
8.9005	0.014210834370901397	-0.03919020161119376	0.002884034682899835	0.005892950928247636
9.4885	0.014229708875268383	-0.03930516014773334	0.0028725706277240924	0.0058951963239210784
10.1151	0.014247197655167519	-0.039411700144834576	0.0028619430199703314	0.005897274963300527
10.7831	0.014263259418412444	-0.03950957117756677	0.0028521766790590487	0.0058991818389239085
11.4958	0.014277875590434102	-0.03959866113215633	0.002843282639375026	0.005900914650758259
12.2551	0.014291016858065162	-0.03967879220979915	0.0028352785257452283	0.005902469846073877
13.0645	0.014302706034567913	-0.03975010409071075	0.002828150303815499	0.005903850073893868
13.9278	0.014312983534608536	-0.039812843594383654	0.0028218732642917087	0.005905060082969467
14.8478	0.014321895148034018	-0.03986728997234694	0.0028164195075954944	0.005906105288698574
15.8285	0.014329517538663811	-0.039913910582045735	0.002811742366628806	0.005906994773841879
16.8745	0.01433594301844686	-0.03995326811813726	0.002807785662714744	0.00590773948011542
17.9891	0.014341266844024344	-0.03998594284511439	0.00280449151744457	0.005908350731963982
19.1771	0.014345601719116962	-0.040012621543015464	0.0028017913943238645	0.005908841907145427
20.4438	0.014349064471494026	-0.04003401620758755	0.002799614228286559	0.005909226865386152
21.7945	0.014351771161373693	-0.040050834165881746	0.002797889418954039	0.0059095193745501125
23.2345	0.014353834843497977	-0.04006376446406554	0.0027965481854652346	0.005909732842782124
24.7691	0.014355362970931384	-0.04007346207601806	0.0027955251382055426	0.005909880007769053
26.4051	0.014356455669343626	-0.040080537800334055	0.0027947592278317794	0.005909972695258939
28.1498	0.014357201769700052	-0.04008553386667538	0.002794196210878955	0.00591002136750271
30.0091	0.014357677546717074	-0.040088915763745535	0.0027937895347367693	0.005910035016505707
31.9918	0.01435794781820715	-0.040091080054603705	0.0027934993977283716	0.005910021195476858
34.1051	0.014358064797686636	-0.04009234621658082	0.0027932937308889822	0.00590998598628888
36.3578	0.014358069662067248	-0.04009296701659719	0.002793147044705132	0.0059099341126003365
38.7598	0.014357993506746426	-0.04009313418923815	0.0027930398828215856	0.005909869065816817
41.3205	0.014357858952667587	-0.04009298779176154	0.002792957951234659	0.005909793334699482
44.0498	0.014357681781727367	-0.040092626413885106	0.002792891064422536	0.005909708577823396
46.9598	0.014357472324234379	-0.040092116063102506	0.002792832196925396	0.005909615750062163
50.0618	0.014357237033650399	-0.04009149895570034	0.0027927767214327537	0.005909515360926974
53.3691	0.014356979450084852	-0.04009080011197583	0.0027927216468463805	0.005909407524694822
56.8945	0.014356701293281466	-0.04009003334820934	0.002792665116113992	0.005909292149443029
60.6531	0.014356402916482748	-0.04008920477201352	0.002792605952830186	0.005909168926183698
64.6598	0.014356083970251675	-0.04008831616391267	0.0027925434188836636	0.00590903746653118
68.9311	0.014355743567168925	-0.04008736645138155	0.0027924769999280057	0.0059088972805122495
73.4845	0.014355380518359788	-0.040086352989977904	0.0027924063004927864	0.005908747818854157
78.3391	0.014354993395015336	-0.04008527209487415	0.0027923309684875944	0.005908588466388916
83.5138	0.014354580731033278	-0.04008411980100982	0.002792250687381382	0.005908418608222507
89.0311	0.014354140749796929	-0.04008289119814315	0.0027921650992284914	0.005908237508580436
94.9125	0.014353671745000544	-0.04008158154012475	0.0027920738676000486	0.005908044463489587
101.1825	0.014353171767773494	-0.040080185391159845	0.002791976611874156	0.005907838670227294
107.8665	0.014352638796629789	-0.04007869710834854	0.002791872938357032	0.005907619296566398
114.9918	0.014352070658683958	-0.04007711062462145	0.0027917624242444522	0.005907385448086935
122.5885	0.014351464958273287	-0.040075419250408584	0.00279164460349763	0.00590713613870919
130.6865	0.014350819316334923	-0.040073616342383926	0.0027915190133335037	0.005906870389195795
139.3198	0.014350131027683462	-0.04007169434652159	0.0027913851275381436	0.005906587086078024
148.5231	0.014349397332213205	-0.04006964555542901	0.002791242409215919	0.005906285093282179
158.3345	0.014348615199768527	-0.04006746150761778	0.002791090268941405	0.005905963163580738
168.7938	0.014347781465819748	-0.04006513336636965	0.0027909280911508016	0.005905619994437156
179.9445	0.014346892672200833	-0.040062651475008135	0.002790755203162218	0.005905254162452658
191.8311	0.01434594528251331	-0.04006000595839841	0.0027905709170760046	0.005904864212027605
204.5038	0.014344935307729128	-0.04005718567747057	0.002790374456947082	0.005904448501257715
218.0131	0.014343858736825782	-0.04005417943173678	0.002790165042552012	0.005904005379185683
232.4151	0.0143427111146625	-0.040050974780541364	0.0027899418072775445	0.005903533012052848
247.7685	0.014341487781387325	-0.04004755871158754	0.0027897038446900416	0.005903029481840395
264.1358	0.014340183777157943	-0.04004391737487741	0.002789450190001794	0.005902492747051938
281.5845	0.014338793746950353	-0.04004003581689696	0.002789179801554412	0.005901920603532304
300.1858	0.01433731204459984	-0.040035898271143004	0.0027888915810568653	0.005901310727291306
320.0158	0.014335732637723518	-0.04003148789262627	0.0027885843550910267	0.005900660635369404
341.1565	0.014334049028688577	-0.04002678653718102	0.0027882568597384296	0.005899967653307805
363.6931	0.01433225447031471	-0.040021775363798286	0.0027879077825386715	0.0058992290039326985
387.7185	0.01433034160827359	-0.040016433836052585	0.002787535692929014	0.005898441660165053
413.3305	0.014328302704948831	-0.04001074034721446	0.002787139085789593	0.005897602437162524
440.6351	0.014326129377713435	-0.04000467148940934	0.0027867163305331792	0.005896707884593095
469.7438	0.014323812815017633	-0.039998202657027145	0.0027862657131385656	0.005895754375577971
500.7745	0.014321343705972484	-0.03999130785008951	0.0027857854224531634	0.005894738077707794
533.8558	0.01431871189967015	-0.03998395872292664	0.0027852734839240493	0.00589365481281715
569.1218	0.014315906820613039	-0.03997612574423275	0.0027847278404071734	0.005892500227977319
606.7178	0.01431291701712112	-0.03996777693602653	0.0027841462643236167	0.005891269609618421
646.7978	0.014309730362392702	-0.03995887843509865	0.002783526396769909	0.005889957966287055
689.5245	0.014306334056854143	-0.03994939449957318	0.0027828657479750923	0.0058885600296134655
735.0745	0.01430271421757096	-0.039939286362368064	0.0027821616174330322	0.005887070085311043
783.6331	0.014298856294755802	-0.039928513394263225	0.0027814111749214867	0.005885482144613139
835.3998	0.01429474463822465	-0.03991703189326115	0.002780611376169234	0.00588378976582423
890.5858	0.014290362700110158	-0.03990479565064911	0.00277975900228784	0.005881986137757761
949.4178	0.014285692737669746	-0.03989175512111242	0.002778850601961934	0.005880063957410433
1012.1358	0.01428071599321236	-0.0398778579251668	0.0027778825264485403	0.005878015504020983
1078.9971	0.014275412382533985	-0.039863047979137256	0.002776850868971593	0.005875832510828654
1150.2758	0.014269760541448684	-0.039847265625092644	0.0027757514737731604	0.005873506184225599
1226.2625	0.014263737857141556	-0.03983044771839653	0.0027745799422122055	0.0058710272166619315
1307.2691	0.014257320096324282	-0.039812526589358556	0.002773331560433469	0.0058683856335926396
1393.6265	0.014250481597472144	-0.03979343058004245	0.0027720013367613836	0.0058655708726033295
1485.6891	0.014243194925563567	-0.0397730830801513	0.002770583934540065	0.005862571641299264
1583.8331	0.014235431019464949	-0.03975140293858891	0.0027690737008025834	0.005859375977969697
1688.4611	0.014227158842331023	-0.0397283034872284	0.0027674645982669033	0.0058559711076909
