Time in ps	350.0	440.0	520.0	600.0
0.3499	0.023152591443790036	-0.050526603835038375	0.004012838830626934	0.009403795084307708
0.3999	0.023179568424050744	-0.05055794148518713	0.00401961453839445	0.00944644968636653
0.4499	0.02319984822174448	-0.05057495557731337	0.004025207218378166	0.009486048086463776
0.4999	0.02321990659637948	-0.05059178288831105	0.004030738912575915	0.009525215302872595
0.5499	0.023239746641700056	-0.05060842694506691	0.004036210403137503	0.009563956304323787
0.5999	0.023259370733358223	-0.05062488974161696	0.004041622345138795	0.009602275728440038
0.6499	0.023278781221128777	-0.05064117325023927	0.004046975386522988	0.009640178162371114
0.6999	0.02329798042921882	-0.05065727942175168	0.0040522701681830545	0.009677668143354372
0.7499	0.02331697065654591	-0.05067321018574536	0.004057507324038468	0.009714750159257848
0.7999	0.023335754177013293	-0.050688967450815726	0.0040626874811110734	0.009751428649117431
0.8499	0.023354333239782043	-0.05070455310479096	0.004067811259600134	0.009787708003668218
0.8999	0.023372710069540285	-0.05071996901495789	0.004072879272956584	0.009823592565870065
0.9499	0.023390886866769486	-0.05073521702828556	0.004077892127956434	0.009859086631427412
0.9999	0.02342666842437511	-0.050765232917135535	0.004087760100547805	0.009928958051811966
1.0999	0.023461674824938675	-0.05079459817972059	0.004097414325961378	0.009997316237197146
1.1999	0.02349592285461879	-0.050823326905464254	0.004106859432928916	0.010064193956946028
1.2999	0.02352942893606695	-0.050851432878681144	0.0041160999499462	0.010129623270795517
1.3999	0.023562209136299302	-0.05087892958518418	0.004125140307443657	0.010193635544223423
1.4999	0.023594279174398016	-0.050905830218748706	0.00413398483990999	0.010256261463482767
1.5999	0.023625654429045854	-0.05093214768743664	0.004142637787969803	0.010317531050310505
1.6999	0.02365634994589755	-0.050957894619783534	0.0041511033004162515	0.010377473676317748
1.7999	0.023686380444791644	-0.05098308337085191	0.004159385436199661	0.010436118077068322
1.8999	0.023715760326805998	-0.051007726028153226	0.0041674881663730946	0.010493492365852519
1.9999	0.02377268534756127	-0.05105547135525101	0.004183187701887062	0.010604659220505267
2.1999	0.023827167810359377	-0.05110116652700228	0.00419821370953236	0.010711057797253738
2.3999	0.02387931247009545	-0.051144899469186544	0.0042125950751500515	0.010812892595010922
2.5999	0.02392921958900236	-0.05118675433667758	0.004226359445743364	0.010910359342268684
2.7999	0.023976985129329224	-0.05122681167516778	0.004239533282608191	0.011003645373238079
2.9999	0.024022252661253463	-0.051264772661683056	0.0042520182749580205	0.01109205448003041
3.1979	0.02406844783201003	-0.05130350996167783	0.004264759236135603	0.011182277136956329
3.4092	0.024115428831169964	-0.051342904408674214	0.00427771707289184	0.011274036665677117
3.6346	0.024162971385016684	-0.05138276767266141	0.004290829949025489	0.011366895346179172
3.8746	0.024211006536111593	-0.05142304163248123	0.00430407886818271	0.01146071884057383
4.1306	0.02425940388609466	-0.0514636166139606	0.00431742789054606	0.011555252848220116
4.4039	0.024307802234669815	-0.051504189427199476	0.004330777417558395	0.011649792266164789
4.6946	0.0243561308651041	-0.051544700387992776	0.00434410797433437	0.011744199421531402
5.0046	0.024404181524189973	-0.05158497447488737	0.004357362152820603	0.011838068028108651
5.3352	0.02445174984959392	-0.051624839897672054	0.00437048362049565	0.011930999435093818
5.6879	0.024498487446298664	-0.051664004145423055	0.00438337631508917	0.012022313617111117
6.0632	0.024544322173356434	-0.051702406183030354	0.004396020380852001	0.012111870299980045
6.4639	0.024588960219426022	-0.05173979919331117	0.004408334816018962	0.012199096153929117
6.8912	0.024632082616215946	-0.051775915312771904	0.004420231676601591	0.012283368659085692
7.3459	0.024673599125264498	-0.051810678247097834	0.004431686121786682	0.01236451229146694
7.8312	0.024713250426434616	-0.0518438700773991	0.0044426266646049655	0.01244202111350023
8.3486	0.024750867682066625	-0.05187534865826815	0.004453006781529964	0.012515566023296126
8.9006	0.02478622172581668	-0.05190492139762392	0.004462763299089589	0.012584699928576769
9.4886	0.024819187985681068	-0.051932483287072916	0.004471861901192775	0.012649180161219476
10.1152	0.024849667553071275	-0.05195795082420435	0.004480275350991205	0.012708814192108465
10.7832	0.024877600999021934	-0.05198127355736005	0.004487987304609368	0.012763486662329581
11.4959	0.024902904106178448	-0.05200238047070946	0.004494974564400025	0.012813033543452083
12.2552	0.024925589794768773	-0.052021281804194366	0.004501240739189227	0.012857480753923416
13.0646	0.024945703201397763	-0.05203801478668277	0.004506798325321985	0.012896917163545284
13.9279	0.024963298237609833	-0.052052624185064796	0.00451166222562723	0.012931448573336968
14.8479	0.0249784892388295	-0.05206520527556322	0.0045158640204446135	0.012961298980394638
15.8286	0.024991414849590003	-0.052075873755497645	0.004519441991956346	0.012986739817304487
16.8739	0.0250022470699756	-0.05208477316362358	0.0045224436318927206	0.013008107811186219
17.9886	0.025011170331454856	-0.052092057524815556	0.004524919855944499	0.0130257638975758
19.1772	0.025018381562248716	-0.05209789140493535	0.004526925021787847	0.013040093348032996
20.4439	0.025024093981614967	-0.05210245275001748	0.004528518001699869	0.01305151357498615
21.7946	0.025028514788194955	-0.052105914556416895	0.004529755999881414	0.013060430118233985
23.2346	0.025031845265222143	-0.052108444855455786	0.0045306945893738414	0.01306723696965991
24.7692	0.02503427732783454	-0.05211020355627489	0.0045313867797551555	0.013072310131331465
26.4052	0.02503598464892544	-0.05211133517011792	0.0045318805569430345	0.013075990092790398
28.1499	0.025037119145763877	-0.05211196618964354	0.004532217889355791	0.013078574594472148
30.0092	0.025037812839068155	-0.0521122059064607	0.0045324352972031	0.013080323112098282
31.9919	0.0250381740803643	-0.05211214402201781	0.004532562752897947	0.013081448596882388
34.1052	0.02503829018344225	-0.0521118523034841	0.00453262444883504	0.013082123248963722
36.3579	0.02503822852199515	-0.05211138559145501	0.004532639093471663	0.01308248056071502
38.7599	0.02503803916762297	-0.05211078429058189	0.004532620617666737	0.013082620148348071
41.3206	0.02503775790092336	-0.052110076724183635	0.004532579018154308	0.013082613828915318
44.0499	0.025037408868521436	-0.052109281070772374	0.004532521112606955	0.013082511145308706
46.9599	0.025037007639617317	-0.05210840844783706	0.004532451342941808	0.013082344736522004
50.0619	0.025036563291671466	-0.052107464178796616	0.0045323723873294496	0.013082134966030872
53.3692	0.02503608067216803	-0.05210645012330153	0.004532285750928723	0.013081893839944706
56.8946	0.025035561513502436	-0.052105365129378516	0.004532192110198966	0.013081627740195927
60.6532	0.02503500584075873	-0.05210420664693909	0.0045320916681509575	0.013081339675571972
64.6599	0.025034412445840037	-0.05210297081486571	0.00453198430879643	0.013081030565164976
68.9312	0.02503377942536505	-0.052101653016197506	0.004531869737562194	0.013080700169054571
73.4846	0.025033104366905225	-0.05210024793088485	0.004531747540542978	0.013080347571092617
78.3392	0.025032384748028633	-0.05209875018169364	0.004531617270819859	0.01307997159992631
83.5139	0.025031617484215462	-0.052097153298519355	0.004531478373848209	0.013079570701885918
89.0312	0.02503079960487869	-0.052095451080384186	0.004531330313267856	0.01307914334599247
94.9126	0.025029927713096808	-0.052093636451234944	0.004531172474606073	0.013078687764413344
101.1826	0.025028998284152334	-0.052091702073337555	0.0045310042199276455	0.013078202117595411
107.8666	0.025028007528940723	-0.05208964006007328	0.004530824863330688	0.013077684426258207
114.9919	0.02502695126975917	-0.052087441716448454	0.004530633648535024	0.013077132507613276
122.5886	0.025025825357824685	-0.05208509840776221	0.004530429824487985	0.013076544193864668
130.6866	0.025024625172949178	-0.052082600518223714	0.004530212554796505	0.013075917070869324
139.3192	0.02502334560989171	-0.05207993742252897	0.004529980915257952	0.013075248471027767
148.5232	0.02502198167638553	-0.05207709873050281	0.004529734002121356	0.013074535785770997
158.3346	0.025020527756553678	-0.05207407275407902	0.004529470798743467	0.013073776080679812
168.7939	0.02501897781976773	-0.0520708469419882	0.004529190213398498	0.013072966204618208
179.9446	0.025017325698964952	-0.052067408459006564	0.004528891129661936	0.013072102935160267
191.8312	0.025015564437746704	-0.05206374282710182	0.0045285722882156395	0.013071182637434696
204.5039	0.025013687041349705	-0.0520598354883951	0.0045282324227963085	0.013070201656523828
218.0132	0.025011685740514444	-0.0520556702730842	0.004527870126933445	0.013069155932818677
232.4152	0.025009552506239267	-0.052051230470777574	0.004527483947135391	0.0130680412709893
247.7679	0.025007278397322783	-0.05204649747256425	0.004527072264774786	0.013066852999061285
264.1359	0.025004854366961937	-0.05204145244974951	0.004526633442107192	0.01306558638988106
281.5846	0.025002270471581878	-0.05203607470722868	0.0045261656790454045	0.013064236247712059
300.1859	0.024999516191331127	-0.052030342350519086	0.004525667071178746	0.013062797075700495
320.0159	0.02499658029220627	-0.05202423199880652	0.00452513558481349	0.013061263003832495
341.1559	0.024993450799469904	-0.05201771872962122	0.004524569052160696	0.01305962777504438
363.6926	0.0249901150267572	-0.052010776139416	0.004523965176605376	0.013057884760431489
387.7179	0.024986559341555747	-0.052003375855470234	0.004523321490251265	0.01305602683670624
413.3306	0.02498276933356236	-0.05199548788628325	0.0045226353843985006	0.013054046474168263
440.6352	0.0249787296361523	-0.05198708025000623	0.0045219040772241405	0.013051935643418139
469.7432	0.024974423720482496	-0.05197811854591894	0.004521124576508649	0.013049685707771817
500.7746	0.024969834272708782	-0.05196856673951442	0.004520293747923591	0.013047287620364896
533.8552	0.02496494246149523	-0.05195838563799999	0.004519408182428715	0.013044731541410155
569.1219	0.024959728607248686	-0.05194753428314427	0.004518464317423612	0.013042007187887327
606.7179	0.0249541715615734	-0.051935968659764624	0.00451745832441026	0.01303910350929447
646.7972	0.024948248711659873	-0.05192364170486146	0.0045163861097875435	0.013036008689941241
689.5246	0.02494193613759972	-0.05191050363503046	0.004515243343329994	0.013032710231149398
735.0746	0.024935208368255923	-0.05189650143836657	0.004514025413992934	0.013029194823689609
783.6332	0.024928038110417227	-0.05188157831076548	0.00451272738088125	0.013025448206258677
835.3999	0.024920396505244094	-0.051865674189652794	0.004511344019673845	0.01302145529947819
890.5859	0.024912252609968908	-0.051848724675270526	0.004509869728795734	0.013017199935071479
949.4179	0.024903573711645973	-0.05183066168367054	0.004508298586216269	0.013012665019804899
1012.1359	0.024894324783778465	-0.05181141231581723	0.004506624251082209	0.013007832251563451
1078.9972	0.024884468567429673	-0.0517908990264006	0.004504839978401298	0.013002682161733187
1150.2759	0.02487396562586214	-0.0517690397375542	0.004502938628933616	0.012997194143751374
1226.2626	0.024862773696022557	-0.051745746489130544	0.004500912551790752	0.012991346114243086
1307.2692	0.024850848023739835	-0.05172092613633325	0.004498753645116778	0.012985114688169546
1393.6266	0.024838140761554897	-0.05169447909644815	0.004496453247077268	0.012978474864180984
1485.6892	0.02482460122568693	-0.05166629988365516	0.0044940021823779465	0.012971400158887137
1583.8332	0.024810175368981634	-0.05163627601209975	0.0044913906668524045	0.012963862331461112
1688.4606	0.024810175368981634	-0.05163627601209975	0.0044913906668524045	0.012963862331461112
