	A	B	C
320.0	3.405990629617684e+37	3.405990629617683e+37	3.9020191502346286e+37
321.0	3.8607501670364054e+37	3.8607501670364045e+37	4.748851871959264e+37
322.0	3.291117574005726e+37	3.2911175740057243e+37	4.199455979652427e+37
323.0	2.9821292183589e+37	2.982129218358899e+37	4.279834944675852e+37
324.0	3.582431953221895e+37	3.5824319532218937e+37	4.731649884805252e+37
325.0	3.535340128959978e+37	3.535340128959977e+37	4.599750310717063e+37
326.0	3.633626108177286e+37	3.633626108177285e+37	4.765549572019247e+37
327.0	3.7991551363443755e+37	3.799155136344373e+37	5.139026752300462e+37
328.0	3.5327412439068577e+37	3.532741243906857e+37	4.6423138317576575e+37
329.0	3.9546786834130714e+37	3.954678683413069e+37	5.176389504330153e+37
330.0	3.538140374038448e+37	3.538140374038446e+37	4.689824524369906e+37
331.0	3.656820432231237e+37	3.656820432231236e+37	5.090460049400089e+37
332.0	3.6177832138181417e+37	3.6177832138181394e+37	4.859776518871752e+37
333.0	3.848974006560418e+37	3.8489740065604166e+37	5.140585608081968e+37
334.0	3.6928883118687137e+37	3.692888311868712e+37	4.963742766392704e+37
335.0	3.825641788770625e+37	3.8256417887706236e+37	5.271784362943753e+37
336.0	3.6253301206497633e+37	3.625330120649761e+37	4.808372758724247e+37
337.0	3.661441306055175e+37	3.6614413060551736e+37	4.937410423231645e+37
338.0	3.7977402229811467e+37	3.797740222981145e+37	4.981827307460484e+37
339.0	3.8162179867922225e+37	3.816217986792221e+37	5.143530328138548e+37
340.0	3.8378104972104745e+37	3.837810497210472e+37	4.980125174456543e+37
341.0	3.5301422002732525e+37	3.5301422002732506e+37	4.673277428298669e+37
342.0	3.7508175850973214e+37	3.75081758509732e+37	4.786620264039011e+37
343.0	3.481712819701859e+37	3.481712819701857e+37	4.610214157281839e+37
344.0	3.3899502766377366e+37	3.3899502766377357e+37	4.385678748609814e+37
345.0	3.6046302601148658e+37	3.6046302601148643e+37	4.386800203715068e+37
346.0	3.521909293412673e+37	3.5219092934126716e+37	4.270966802167818e+37
347.0	3.4032343515978534e+37	3.4032343515978515e+37	4.074850844647561e+37
348.0	3.288825078345749e+37	3.2888250783457474e+37	3.847430410356177e+37
349.0	3.5709106997290893e+37	3.570910699729087e+37	3.9440046736264693e+37
350.0	3.6455961974511006e+37	3.6455961974510983e+37	3.942311563114319e+37
351.0	3.439851470680347e+37	3.439851470680346e+37	3.6160928098801554e+37
352.0	3.5813453731555014e+37	3.5813453731555005e+37	3.5786124059714603e+37
353.0	3.6734641648468973e+37	3.673464164846895e+37	3.636408384672017e+37
354.0	2.7773033994626327e+37	2.777303399462631e+37	2.611520192697092e+37
355.0	3.2123865602952554e+37	3.2123865602952545e+37	2.970733032371291e+37
356.0	3.4725147241759633e+37	3.472514724175961e+37	3.0484291031959675e+37
357.0	2.8692166895789776e+37	2.869216689578977e+37	2.583173211507968e+37
358.0	2.900083227006615e+37	2.9000832270066135e+37	2.3926680348634855e+37
359.0	3.441141790087384e+37	3.441141790087382e+37	2.8162637974794937e+37
360.0	3.551107790484528e+37	3.551107790484526e+37	3.1320649268581294e+37
361.0	3.391179117105173e+37	3.3911791171051716e+37	2.5617256784225895e+37
362.0	2.61424646238161e+37	2.6142464623816087e+37	1.8507776145684917e+37
363.0	3.382261429639894e+37	3.3822614296398916e+37	2.4024101034655313e+37
364.0	2.9157443355018138e+37	2.915744335501813e+37	1.9767172981749225e+37
365.0	3.6861746082995e+37	3.686174608299498e+37	2.449722753617534e+37
366.0	3.4675301695013546e+37	3.467530169501352e+37	2.1825764620479228e+37
367.0	3.2460481503329533e+37	3.2460481503329523e+37	2.0029383843918878e+37
368.0	3.119711370338074e+37	3.119711370338072e+37	1.8982080308312492e+37
369.0	3.7619133105837567e+37	3.761913310583755e+37	2.3371110899994475e+37
370.0	3.4823436420692208e+37	3.4823436420692184e+37	2.0396919237407395e+37
371.0	3.572596505436021e+37	3.57259650543602e+37	2.1957075751133992e+37
372.0	3.3105153175349497e+37	3.3105153175349483e+37	2.033478349980165e+37
373.0	3.5102993328198e+37	3.5102993328197984e+37	2.1286307182685626e+37
374.0	3.312847403934296e+37	3.3128474039342946e+37	1.971807862590497e+37
375.0	3.049826075889366e+37	3.049826075889364e+37	1.7517750992088998e+37
376.0	2.901397808585573e+37	2.9013978085855722e+37	1.6118943074739258e+37
377.0	3.111860201465847e+37	3.111860201465845e+37	1.873895956161029e+37
378.0	0.0	0.0	0.0
379.0	0.0	0.0	0.0
380.0	0.0	0.0	0.0
381.0	0.0	0.0	0.0
382.0	0.0	0.0	0.0
383.0	0.0	0.0	0.0
384.0	0.0	0.0	0.0
385.0	0.0	0.0	0.0
386.0	0.0	0.0	0.0
387.0	0.0	0.0	0.0
388.0	0.0	0.0	0.0
389.0	0.0	0.0	0.0
390.0	0.0	0.0	0.0
391.0	0.0	0.0	0.0
392.0	0.0	0.0	0.0
393.0	0.0	0.0	0.0
394.0	0.0	0.0	0.0
395.0	0.0	0.0	0.0
396.0	0.0	0.0	0.0
397.0	0.0	0.0	0.0
398.0	0.0	0.0	0.0
399.0	0.0	0.0	0.0
400.0	0.0	0.0	0.0
401.0	0.0	0.0	0.0
402.0	0.0	0.0	0.0
403.0	0.0	0.0	0.0
404.0	0.0	0.0	0.0
405.0	0.0	0.0	0.0
406.0	0.0	0.0	0.0
407.0	-5.127011829832776e+37	-5.1270118298327755e+37	-5.222465791751529e+37
408.0	-5.453505398278153e+37	-5.453505398278152e+37	-5.575776921588915e+37
409.0	-5.631745409631961e+37	-5.631745409631959e+37	-5.687341271649018e+37
410.0	-5.81594038771832e+37	-5.815940387718317e+37	-5.86707050023392e+37
411.0	-6.0661193055665635e+37	-6.066119305566561e+37	-6.074783084319092e+37
412.0	-6.190314985885377e+37	-6.190314985885375e+37	-6.192892355954007e+37
413.0	-6.297741183700561e+37	-6.297741183700556e+37	-6.283837013085224e+37
414.0	-6.480697137673033e+37	-6.4806971376730295e+37	-6.432963899077168e+37
415.0	-6.494377612305799e+37	-6.494377612305796e+37	-6.472605768034234e+37
416.0	-6.741791399864876e+37	-6.741791399864873e+37	-6.699515318698726e+37
417.0	-6.807397110699961e+37	-6.807397110699957e+37	-6.727082206122124e+37
418.0	-6.852655615231539e+37	-6.852655615231535e+37	-6.843659012717116e+37
419.0	-7.095318585128632e+37	-7.095318585128629e+37	-6.980656420124591e+37
420.0	-7.280593256184348e+37	-7.280593256184344e+37	-7.159771762847944e+37
421.0	-7.28126473893473e+37	-7.281264738934727e+37	-7.194273117746368e+37
422.0	-7.260157485165618e+37	-7.260157485165614e+37	-7.174766573360544e+37
423.0	-7.389775950338531e+37	-7.389775950338529e+37	-7.34376441810515e+37
424.0	-7.3797364943191955e+37	-7.379736494319195e+37	-7.361529689658804e+37
425.0	-7.424241705212752e+37	-7.424241705212748e+37	-7.4026937307982525e+37
426.0	-7.538107148372207e+37	-7.538107148372205e+37	-7.551862736532478e+37
427.0	-7.794316313116846e+37	-7.794316313116843e+37	-7.809216839887603e+37
428.0	-7.6683932561477935e+37	-7.668393256147788e+37	-7.699806235402769e+37
429.0	-7.617430046925373e+37	-7.61743004692537e+37	-7.668942910987207e+37
430.0	-7.804045599301047e+37	-7.804045599301042e+37	-7.840442663902764e+37
431.0	-7.728287490120168e+37	-7.728287490120164e+37	-7.799593546909812e+37
432.0	-7.618142343840955e+37	-7.61814234384095e+37	-7.6981613002765775e+37
433.0	-7.727168892106727e+37	-7.727168892106724e+37	-7.8374475207633245e+37
434.0	-7.725759048174978e+37	-7.725759048174975e+37	-7.8529866139759e+37
435.0	-7.670340870554283e+37	-7.670340870554279e+37	-7.867019448860654e+37
436.0	-7.57328689733947e+37	-7.573286897339467e+37	-7.787421159428452e+37
437.0	-7.626252345106361e+37	-7.6262523451063575e+37	-7.813749954729239e+37
438.0	-7.578915862266724e+37	-7.578915862266722e+37	-7.819322175677029e+37
439.0	-7.542051309617706e+37	-7.542051309617701e+37	-7.763725872824779e+37
440.0	-7.538535516206516e+37	-7.538535516206514e+37	-7.79739383939039e+37
441.0	-7.504193958146748e+37	-7.504193958146743e+37	-7.767535196415695e+37
442.0	-7.378674591071329e+37	-7.378674591071326e+37	-7.662116096815827e+37
443.0	-7.306757834672212e+37	-7.306757834672208e+37	-7.591185615711923e+37
444.0	-7.375171486236527e+37	-7.375171486236523e+37	-7.655878046234208e+37
445.0	-7.236044916834083e+37	-7.236044916834079e+37	-7.552328821287826e+37
446.0	-7.1882054570673385e+37	-7.188205457067338e+37	-7.524528575131878e+37
447.0	-7.118036312425275e+37	-7.118036312425273e+37	-7.453471526796714e+37
448.0	-7.085041722983106e+37	-7.085041722983101e+37	-7.439148628476558e+37
449.0	-6.907864224990344e+37	-6.90786422499034e+37	-7.264055369361351e+37
450.0	-6.946135778839046e+37	-6.946135778839044e+37	-7.310209364662514e+37
451.0	-6.777389680955985e+37	-6.777389680955983e+37	-7.141666682426626e+37
452.0	-6.639730898484047e+37	-6.639730898484044e+37	-7.033308410302168e+37
453.0	-6.400993067986735e+37	-6.400993067986732e+37	-6.817819982105329e+37
454.0	-6.473796665424111e+37	-6.473796665424108e+37	-6.885579392917518e+37
455.0	-6.246268001213698e+37	-6.246268001213695e+37	-6.680414197659376e+37
456.0	-6.165744000157872e+37	-6.16574400015787e+37	-6.620946664381373e+37
457.0	-5.929470991854623e+37	-5.92947099185462e+37	-6.37589960366135e+37
458.0	-5.948862235709984e+37	-5.94886223570998e+37	-6.39701285271302e+37
459.0	-5.782752513583477e+37	-5.782752513583475e+37	-6.224472721074126e+37
460.0	-5.750974667083256e+37	-5.750974667083254e+37	-6.158822698882251e+37
461.0	-5.522661231629277e+37	-5.522661231629274e+37	-5.950630837332774e+37
462.0	-5.545814682457409e+37	-5.5458146824574065e+37	-5.953973897942041e+37
463.0	-5.293071996944264e+37	-5.293071996944262e+37	-5.717757798503695e+37
464.0	-5.288490803970199e+37	-5.288490803970198e+37	-5.705161283830516e+37
465.0	-5.054910570813222e+37	-5.054910570813219e+37	-5.445540562171632e+37
466.0	-5.0036960348919235e+37	-5.003696034891922e+37	-5.402144710046272e+37
467.0	-4.927571383651953e+37	-4.927571383651952e+37	-5.281520075743214e+37
468.0	-4.803155985271321e+37	-4.80315598527132e+37	-5.173212784353437e+37
469.0	-4.564150721575849e+37	-4.564150721575846e+37	-4.93447859071555e+37
470.0	-4.580735037578691e+37	-4.580735037578689e+37	-4.895620733883883e+37
471.0	-4.337329385742925e+37	-4.337329385742922e+37	-4.63158503095677e+37
472.0	-4.207999617963984e+37	-4.2079996179639825e+37	-4.477264551672783e+37
473.0	-4.040579992413511e+37	-4.0405799924135097e+37	-4.308610449194263e+37
474.0	-3.939897408767982e+37	-3.9398974087679803e+37	-4.207316608230791e+37
475.0	-3.757016354327479e+37	-3.757016354327478e+37	-4.0261020822892247e+37
476.0	-3.6625560351759677e+37	-3.662556035175966e+37	-3.9178410039289724e+37
477.0	-3.5182216101182745e+37	-3.5182216101182735e+37	-3.758431354457429e+37
478.0	-3.3441506030476514e+37	-3.3441506030476505e+37	-3.559161683557898e+37
479.0	-3.1638336773585493e+37	-3.1638336773585475e+37	-3.346904940328031e+37
480.0	-3.0591226806514633e+37	-3.0591226806514624e+37	-3.2280965250339972e+37
481.0	-2.887631653281936e+37	-2.887631653281935e+37	-3.045748409550582e+37
482.0	-2.7310812235837314e+37	-2.7310812235837305e+37	-2.9115995608894855e+37
483.0	-2.603407883847534e+37	-2.603407883847533e+37	-2.752977686637608e+37
484.0	-2.495670789609049e+37	-2.495670789609048e+37	-2.63371480562959e+37
485.0	-2.330591591503112e+37	-2.3305915915031104e+37	-2.478407508569471e+37
486.0	-2.2679598109598297e+37	-2.2679598109598288e+37	-2.3757530412623225e+37
487.0	-2.0005329786158996e+37	-2.0005329786158986e+37	-2.157563114376862e+37
488.0	-1.8512345723008579e+37	-1.8512345723008567e+37	-2.0098773019049528e+37
489.0	-1.7577751796713527e+37	-1.7577751796713518e+37	-1.8842497461242915e+37
490.0	-1.60980392909301e+37	-1.6098039290930093e+37	-1.7483953595685008e+37
491.0	-1.473951378095767e+37	-1.4739513780957666e+37	-1.6004674948757144e+37
492.0	-1.3764584297167356e+37	-1.376458429716735e+37	-1.499264562496233e+37
493.0	-1.2990784830177137e+37	-1.299078483017713e+37	-1.420542185282831e+37
494.0	-1.1410071639938444e+37	-1.1410071639938444e+37	-1.275610575561378e+37
495.0	-1.0044861356830217e+37	-1.0044861356830214e+37	-1.112230887583228e+37
496.0	-9.726328569038148e+36	-9.726328569038144e+36	-1.0800430411069454e+37
497.0	-8.445597292267727e+36	-8.445597292267723e+36	-9.558812978650753e+36
498.0	-7.545187785311527e+36	-7.545187785311521e+36	-8.744343469246215e+36
499.0	-6.425047922053614e+36	-6.425047922053612e+36	-7.529543980098884e+36
500.0	-5.916017579426113e+36	-5.91601757942611e+36	-6.949436638018736e+36
501.0	-4.6313968341602705e+36	-4.6313968341602676e+36	-5.57741456511399e+36
502.0	-3.854910203890256e+36	-3.8549102038902544e+36	-4.772627320795839e+36
503.0	-3.609611772286965e+36	-3.609611772286963e+36	-4.4109737750077753e+36
504.0	-2.7471076916794053e+36	-2.747107691679405e+36	-3.4220665050342296e+36
505.0	-1.891351652805557e+36	-1.8913516528055566e+36	-2.5637261520774706e+36
506.0	-1.519705142842614e+36	-1.5197051428426133e+36	-2.0675208623083182e+36
507.0	-4.172848738454806e+35	-4.1728487384548035e+35	-7.841394838282866e+35
508.0	7.082840138589981e+34	7.082840138589976e+34	-2.3522889151132902e+35
509.0	7.935112160575613e+35	7.93511216057561e+35	5.9854668954523176e+35
510.0	1.2602679854495796e+36	1.2602679854495795e+36	1.11991719939395e+36
511.0	1.8779901796266202e+36	1.8779901796266193e+36	1.844172920449123e+36
512.0	2.3839531506991648e+36	2.383953150699164e+36	2.5276070245418422e+36
513.0	2.5963987370414792e+36	2.596398737041478e+36	2.8354352413012984e+36
514.0	3.2504816739603004e+36	3.250481673960298e+36	3.478113628052795e+36
515.0	3.931639500714277e+36	3.9316395007142753e+36	4.2938183862053875e+36
516.0	4.435703965717865e+36	4.4357039657178624e+36	4.916716621710698e+36
517.0	5.311214461140905e+36	5.3112144611409034e+36	5.888861253489176e+36
518.0	5.009363321747936e+36	5.009363321747935e+36	5.658207161934579e+36
519.0	5.507935284946808e+36	5.507935284946806e+36	6.312526324038314e+36
520.0	5.853684444894073e+36	5.85368444489407e+36	6.632020559592054e+36
521.0	6.42396957521073e+36	6.423969575210727e+36	7.269728307776031e+36
522.0	6.562890882703993e+36	6.562890882703991e+36	7.571027849279523e+36
523.0	7.009045063880569e+36	7.009045063880564e+36	7.965908759322213e+36
524.0	7.263043069128007e+36	7.263043069128004e+36	8.281572002398528e+36
525.0	8.045588580962174e+36	8.045588580962171e+36	9.218991425703786e+36
526.0	7.885977731619096e+36	7.885977731619093e+36	9.143672578419502e+36
527.0	8.33540336860453e+36	8.335403368604527e+36	9.804082096118653e+36
528.0	8.524143462861597e+36	8.524143462861593e+36	1.0034743329176944e+37
529.0	9.275543059122508e+36	9.275543059122505e+36	1.0783307388463038e+37
530.0	9.385861064552077e+36	9.385861064552074e+36	1.094220533236106e+37
531.0	9.631646588321037e+36	9.631646588321033e+36	1.1477266880244137e+37
532.0	9.518860660194777e+36	9.518860660194771e+36	1.14145369929479e+37
533.0	1.0054190769553331e+37	1.0054190769553328e+37	1.1971006561269663e+37
534.0	1.0131146352870374e+37	1.013114635287037e+37	1.2390208741518646e+37
535.0	1.0682558699783688e+37	1.068255869978368e+37	1.2692175237403734e+37
536.0	1.0645089486436532e+37	1.0645089486436527e+37	1.2813976682744818e+37
537.0	1.1259208926027154e+37	1.125920892602715e+37	1.3567221160611346e+37
538.0	1.1461509796770812e+37	1.146150979677081e+37	1.3774665928032216e+37
539.0	1.1292512151214874e+37	1.1292512151214867e+37	1.3891656864685892e+37
540.0	1.14460305719791e+37	1.1446030571979095e+37	1.4153513393136103e+37
541.0	1.173323159722832e+37	1.173323159722831e+37	1.4404216761017286e+37
542.0	1.2149155578558263e+37	1.214915557855826e+37	1.510680671026633e+37
543.0	1.2254518051560958e+37	1.2254518051560953e+37	1.5053658569622642e+37
544.0	1.2562214958969159e+37	1.2562214958969151e+37	1.5494345258595098e+37
545.0	1.2655402926440049e+37	1.2655402926440042e+37	1.5747127018377457e+37
546.0	1.2876159823431922e+37	1.2876159823431914e+37	1.5854857944951976e+37
547.0	1.2863861778479462e+37	1.286386177847945e+37	1.606830152799046e+37
548.0	1.244349045854602e+37	1.2443490458546017e+37	1.5753035992466347e+37
549.0	1.2884875685250028e+37	1.2884875685250023e+37	1.6338051660754943e+37
550.0	1.2776792947428534e+37	1.2776792947428532e+37	1.6417697528288753e+37
551.0	1.3116114933529852e+37	1.3116114933529847e+37	1.6720118579003884e+37
552.0	1.323398483858619e+37	1.3233984838586182e+37	1.7048748330327894e+37
553.0	1.3484321204793247e+37	1.3484321204793242e+37	1.7345369843730093e+37
554.0	1.3163554663673442e+37	1.3163554663673437e+37	1.724389633368505e+37
555.0	1.345812685979489e+37	1.3458126859794888e+37	1.7409686711296715e+37
556.0	1.3589300748590867e+37	1.358930074859086e+37	1.7921098277753763e+37
557.0	1.383048024097558e+37	1.3830480240975578e+37	1.804508241211462e+37
558.0	1.4078412303998004e+37	1.4078412303998004e+37	1.8431171985775376e+37
559.0	1.4193000780123977e+37	1.419300078012397e+37	1.877773900500026e+37
560.0	1.3590158617165934e+37	1.3590158617165925e+37	1.838112766886463e+37
561.0	1.4239648266227803e+37	1.4239648266227798e+37	1.88618883558848e+37
562.0	1.4350359380885836e+37	1.435035938088583e+37	1.9095306143507838e+37
563.0	1.4439016053753198e+37	1.4439016053753193e+37	1.9465892279653775e+37
564.0	1.482704884069516e+37	1.4827048840695152e+37	1.9684942044636552e+37
565.0	1.5118595157292733e+37	1.5118595157292726e+37	2.0449080532711826e+37
566.0	1.4593822843949431e+37	1.4593822843949427e+37	1.9954852036379908e+37
567.0	1.4969329878915589e+37	1.4969329878915589e+37	2.0418732515203361e+37
568.0	1.4570959439375593e+37	1.457095943937559e+37	2.0117767845567153e+37
569.0	1.5062511450545163e+37	1.5062511450545156e+37	2.0550687016442338e+37
570.0	1.52994225758751e+37	1.5299422575875091e+37	2.0923554821862386e+37
571.0	1.5511966955107253e+37	1.551196695510725e+37	2.1138244444167147e+37
572.0	1.4895942711748098e+37	1.4895942711748088e+37	2.0701046326025362e+37
573.0	1.466705666424874e+37	1.4667056664248734e+37	2.0384463026878044e+37
574.0	1.479575694901712e+37	1.4795756949017115e+37	2.0359473235957202e+37
575.0	1.4781418094937835e+37	1.4781418094937826e+37	2.0435461858457734e+37
576.0	1.4269163864986287e+37	1.4269163864986285e+37	2.0245497487257521e+37
577.0	1.4813548490881266e+37	1.4813548490881264e+37	2.0651700483110777e+37
578.0	1.5479902006104723e+37	1.5479902006104718e+37	2.1227963634349363e+37
579.0	1.524843031838226e+37	1.5248430318382252e+37	2.1369882003146704e+37
580.0	1.4631019048630623e+37	1.4631019048630616e+37	2.097564030656269e+37
581.0	1.535661362124092e+37	1.5356613621240915e+37	2.192889134509352e+37
582.0	1.5196488394996177e+37	1.5196488394996177e+37	2.1297710510154903e+37
583.0	1.5364221412072203e+37	1.5364221412072198e+37	2.138156652069951e+37
584.0	1.505764346850288e+37	1.5057643468502873e+37	2.1409945458676955e+37
585.0	1.4831059267047352e+37	1.4831059267047345e+37	2.0831529763300845e+37
586.0	1.518176772366648e+37	1.518176772366647e+37	2.1247204872152323e+37
587.0	1.485077331116837e+37	1.4850773311168364e+37	2.0713483525704237e+37
588.0	1.395870275572836e+37	1.3958702755728352e+37	2.0130762870840494e+37
589.0	1.40415088077067e+37	1.40415088077067e+37	1.998274764039783e+37
590.0	1.4928479698796397e+37	1.492847969879639e+37	2.0526913404883134e+37
591.0	1.5096285933848702e+37	1.5096285933848698e+37	2.099725170106161e+37
592.0	1.3776239919361384e+37	1.377623991936138e+37	1.967187069208878e+37
593.0	1.428112012240627e+37	1.4281120122406266e+37	2.014970241822372e+37
594.0	1.4429569094246136e+37	1.4429569094246132e+37	2.0327417727493697e+37
595.0	1.3814556666716082e+37	1.3814556666716075e+37	1.9475711960587665e+37
596.0	1.3934450361525855e+37	1.3934450361525848e+37	1.953862413251351e+37
597.0	1.4073793076668098e+37	1.407379307666809e+37	1.9596043138968118e+37
598.0	1.3946382883960527e+37	1.3946382883960522e+37	1.9616635373060782e+37
599.0	1.4147280360201519e+37	1.4147280360201516e+37	1.9974669802430142e+37
600.0	1.3517601315791856e+37	1.3517601315791854e+37	1.8930615215797973e+37
601.0	1.4232593748615838e+37	1.4232593748615829e+37	2.002229935892569e+37
602.0	1.4288227041243718e+37	1.428822704124371e+37	1.9470345286334326e+37
603.0	1.4373202354010083e+37	1.4373202354010073e+37	1.9510743185150796e+37
604.0	1.3300915720938582e+37	1.3300915720938575e+37	1.8810929715500068e+37
605.0	1.350873484176974e+37	1.3508734841769734e+37	1.868859453414861e+37
606.0	1.3877035171071334e+37	1.387703517107133e+37	1.9169260616459525e+37
607.0	1.3570256612815708e+37	1.3570256612815703e+37	1.8846526831025034e+37
608.0	1.3797753514456826e+37	1.3797753514456821e+37	1.8572528760191452e+37
609.0	1.3684892570819807e+37	1.36848925708198e+37	1.8264877627666867e+37
610.0	1.3048751118278907e+37	1.30487511182789e+37	1.7915504442755719e+37
611.0	1.309301787419344e+37	1.3093017874193433e+37	1.7744696682999352e+37
612.0	1.3029731349450192e+37	1.3029731349450185e+37	1.7676876878879764e+37
613.0	1.301260432634788e+37	1.301260432634787e+37	1.7561660024775586e+37
614.0	1.2810807928903662e+37	1.2810807928903657e+37	1.722556479279495e+37
615.0	1.373219811371062e+37	1.3732198113710613e+37	1.8221774549960143e+37
616.0	1.3016482662928808e+37	1.30164826629288e+37	1.6888536446458345e+37
617.0	1.194662117522819e+37	1.1946621175228184e+37	1.6412614448007714e+37
618.0	1.3143724684389017e+37	1.314372468438901e+37	1.7448008717947713e+37
619.0	1.2551256944653976e+37	1.2551256944653966e+37	1.6053282561489995e+37
620.0	1.2113149247331646e+37	1.2113149247331644e+37	1.662876019957798e+37
621.0	1.2302957715080563e+37	1.2302957715080556e+37	1.6168682036221954e+37
622.0	1.1926823592501528e+37	1.1926823592501521e+37	1.599697742248689e+37
623.0	1.217669706844653e+37	1.2176697068446526e+37	1.628908250488212e+37
624.0	1.2445366797816757e+37	1.244536679781675e+37	1.6411951634123294e+37
625.0	1.2006839685619193e+37	1.2006839685619188e+37	1.5494318656421646e+37
626.0	1.3121468017134354e+37	1.3121468017134347e+37	1.65514019262119e+37
627.0	1.294081319210447e+37	1.2940813192104468e+37	1.636599348780035e+37
628.0	1.2407712803131166e+37	1.2407712803131164e+37	1.5581161134298125e+37
629.0	1.1777850179160172e+37	1.177785017916017e+37	1.494781776594867e+37
630.0	1.2342472741872766e+37	1.2342472741872763e+37	1.5602484456154217e+37
631.0	1.1544997954401234e+37	1.1544997954401232e+37	1.4486425517303342e+37
632.0	1.2401409586611303e+37	1.2401409586611298e+37	1.5833054428603577e+37
633.0	1.0754334236416496e+37	1.075433423641649e+37	1.422753394371519e+37
634.0	1.0988223779298565e+37	1.0988223779298562e+37	1.3823891213009984e+37
635.0	1.2175569441391345e+37	1.217556944139134e+37	1.5197314651584227e+37
636.0	1.0630282084576786e+37	1.0630282084576784e+37	1.3969167297361008e+37
637.0	1.1332759936538692e+37	1.1332759936538687e+37	1.413665155462958e+37
638.0	1.2374557718295062e+37	1.2374557718295057e+37	1.4975264515841426e+37
639.0	1.1233032137014038e+37	1.1233032137014035e+37	1.3636801312252484e+37
640.0	9.799365778394131e+36	9.799365778394127e+36	1.2589925172243299e+37
641.0	1.1471280279790025e+37	1.1471280279790023e+37	1.3819670422188438e+37
642.0	1.1028981098084016e+37	1.1028981098084012e+37	1.3476573948002505e+37
643.0	1.1925243949042993e+37	1.1925243949042986e+37	1.447383332446933e+37
644.0	1.175460787847267e+37	1.1754607878472663e+37	1.4024535227248965e+37
645.0	1.0898004266186637e+37	1.0898004266186635e+37	1.3323546438867105e+37
646.0	1.2054549438882034e+37	1.205454943888203e+37	1.3601498895127415e+37
647.0	1.1500083765274652e+37	1.1500083765274645e+37	1.37740219220277e+37
648.0	1.0845273155450683e+37	1.0845273155450676e+37	1.2914930174106024e+37
649.0	1.18199755487926e+37	1.1819975548792595e+37	1.391229279827873e+37
650.0	1.1781707085830303e+37	1.1781707085830299e+37	1.331413402976356e+37
651.0	1.1039120806084229e+37	1.1039120806084224e+37	1.3262992391426522e+37
652.0	1.1098771503394577e+37	1.1098771503394572e+37	1.2866828475664394e+37
653.0	9.782128594519329e+36	9.782128594519327e+36	1.1866735853953963e+37
654.0	1.1001858462125273e+37	1.1001858462125268e+37	1.2508670487398168e+37
655.0	9.395514513994101e+36	9.395514513994098e+36	1.119118922552133e+37
656.0	9.679573616683146e+36	9.679573616683141e+36	1.1299309081279191e+37
657.0	1.0344193647484919e+37	1.0344193647484915e+37	1.2195396822268674e+37
658.0	1.0699582400590595e+37	1.0699582400590593e+37	1.2667042673882078e+37
659.0	1.0679293215326442e+37	1.0679293215326435e+37	1.211569295910574e+37
660.0	1.069108187765906e+37	1.0691081877659057e+37	1.185279804435457e+37
661.0	9.879723580252651e+36	9.879723580252647e+36	1.147126754970216e+37
662.0	1.0306378922582503e+37	1.0306378922582496e+37	1.1762457916265688e+37
663.0	1.0959515167188069e+37	1.0959515167188069e+37	1.2293019400430511e+37
664.0	9.949911115153215e+36	9.94991111515321e+36	1.1397173209137456e+37
665.0	9.669539580272511e+36	9.669539580272507e+36	1.1008056578870467e+37
666.0	1.1179053069922435e+37	1.1179053069922432e+37	1.2339319298671334e+37
667.0	8.324356006112549e+36	8.324356006112544e+36	9.685992737757837e+36
668.0	7.971306622865586e+36	7.971306622865584e+36	9.410823922236134e+36
669.0	1.0315084414629231e+37	1.0315084414629225e+37	1.1571830698685058e+37
670.0	9.235886426917048e+36	9.235886426917044e+36	1.0212687169678701e+37
671.0	9.727770820314758e+36	9.727770820314753e+36	1.1045317917846107e+37
672.0	9.359231632490181e+36	9.359231632490178e+36	1.0874291452717102e+37
673.0	8.79945955123248e+36	8.799459551232476e+36	9.943290239047708e+36
674.0	9.023121987264533e+36	9.023121987264528e+36	1.0257873895366887e+37
675.0	9.043209962573192e+36	9.043209962573187e+36	1.0151755850928793e+37
676.0	9.143948532094996e+36	9.143948532094992e+36	1.041389725756612e+37
677.0	9.148819204708305e+36	9.148819204708301e+36	1.0190193608682169e+37
678.0	9.295124509093916e+36	9.295124509093911e+36	1.0172514878607926e+37
679.0	8.638728540924074e+36	8.638728540924072e+36	9.142272894344825e+36
680.0	8.793281683387972e+36	8.793281683387967e+36	9.232040942391188e+36
681.0	8.454153821486637e+36	8.454153821486632e+36	9.46693258651079e+36
682.0	9.728029714247531e+36	9.728029714247526e+36	9.973905157138631e+36
683.0	8.875779536733895e+36	8.87577953673389e+36	9.932403123008997e+36
684.0	8.571533874858091e+36	8.571533874858087e+36	9.546292715470512e+36
685.0	9.210067452847211e+36	9.210067452847205e+36	1.0311574968166687e+37
686.0	9.63709158917644e+36	9.637091589176438e+36	1.0260328739150474e+37
687.0	9.149986885671065e+36	9.149986885671061e+36	1.0092037127175607e+37
688.0	8.744536207122842e+36	8.744536207122838e+36	9.393846701447198e+36
689.0	8.794306085160024e+36	8.79430608516002e+36	9.644946417098248e+36
690.0	8.711015904682531e+36	8.71101590468253e+36	9.176753757642257e+36
691.0	9.057210561543724e+36	9.057210561543721e+36	9.772375170549447e+36
692.0	8.012815358160629e+36	8.012815358160627e+36	8.896165470334381e+36
693.0	7.699966843027744e+36	7.699966843027741e+36	8.474666868452884e+36
694.0	8.740990729095445e+36	8.740990729095441e+36	9.251531209223557e+36
695.0	8.690780557522654e+36	8.690780557522648e+36	9.089589447740899e+36
696.0	7.85629978676435e+36	7.856299786764347e+36	8.340215451279289e+36
697.0	8.505373130102128e+36	8.505373130102124e+36	8.820393200623861e+36
698.0	8.696391800422286e+36	8.696391800422282e+36	8.945698336554245e+36
699.0	8.175042856239316e+36	8.175042856239312e+36	8.55333183101711e+36
700.0	8.566767552922348e+36	8.566767552922346e+36	8.98066642697725e+36
701.0	8.272354915616483e+36	8.272354915616483e+36	8.664293711421647e+36
702.0	8.056675413884119e+36	8.056675413884115e+36	8.404741247656352e+36
703.0	8.559546896600223e+36	8.55954689660022e+36	8.868272202577648e+36
704.0	8.049004247062127e+36	8.049004247062123e+36	8.258254140680012e+36
705.0	8.590983684445772e+36	8.590983684445769e+36	8.998303899622825e+36
706.0	8.214927988591611e+36	8.214927988591609e+36	8.477418049212061e+36
707.0	8.409783618322346e+36	8.409783618322342e+36	8.504425023408119e+36
708.0	7.91541927277159e+36	7.915419272771588e+36	8.132186541449812e+36
709.0	7.862302089838829e+36	7.862302089838823e+36	8.146018117421882e+36
710.0	8.839823982068092e+36	8.839823982068087e+36	8.907241001361748e+36
711.0	7.925095798522491e+36	7.925095798522486e+36	8.053718412150182e+36
712.0	8.122157600988265e+36	8.122157600988262e+36	8.17712865821824e+36
713.0	7.948933656856674e+36	7.948933656856671e+36	7.914486278563933e+36
714.0	8.080355671220764e+36	8.080355671220762e+36	7.943487293076402e+36
715.0	8.29359812186921e+36	8.293598121869205e+36	8.127598363005901e+36
716.0	7.992020921936437e+36	7.992020921936434e+36	7.863694510032034e+36
717.0	8.524382669994409e+36	8.524382669994403e+36	8.352600219050817e+36
718.0	8.2027878878553e+36	8.202787887855296e+36	8.165191161623732e+36
719.0	8.455611471826426e+36	8.455611471826421e+36	8.229824327714232e+36
720.0	7.979962413425335e+36	7.979962413425331e+36	7.911202765139084e+36
721.0	8.081098660922901e+36	8.081098660922897e+36	7.953535906109237e+36
722.0	8.670168372431906e+36	8.670168372431904e+36	8.202604014116706e+36
723.0	8.826961491967945e+36	8.826961491967942e+36	8.312438851936258e+36
724.0	7.899006979872401e+36	7.899006979872399e+36	7.435849296595128e+36
725.0	8.233592859338322e+36	8.233592859338319e+36	7.500085951459853e+36
726.0	7.818186614023977e+36	7.818186614023973e+36	7.494110670183984e+36
727.0	8.127081943804213e+36	8.127081943804211e+36	7.690686737005714e+36
728.0	7.58675369457053e+36	7.586753694570528e+36	7.414489245696373e+36
729.0	8.098355610333072e+36	8.098355610333067e+36	7.831097303864667e+36
730.0	7.538482389144752e+36	7.538482389144749e+36	7.055341333838673e+36
731.0	8.339398120002697e+36	8.339398120002695e+36	8.134996360124301e+36
732.0	7.477349451143723e+36	7.47734945114372e+36	7.329531896548261e+36
733.0	7.869609851537771e+36	7.869609851537766e+36	7.622078738890741e+36
734.0	7.552452149433236e+36	7.552452149433232e+36	7.46745945429607e+36
735.0	7.816409654701289e+36	7.816409654701284e+36	7.411322856230153e+36
736.0	6.973963059654527e+36	6.973963059654523e+36	6.720395779601423e+36
737.0	8.025342165144222e+36	8.025342165144218e+36	7.985100817933889e+36
738.0	7.675430506354056e+36	7.675430506354051e+36	7.691737808318339e+36
739.0	7.627203092091878e+36	7.627203092091873e+36	7.630592496337938e+36
740.0	7.647004512944952e+36	7.647004512944947e+36	7.634622094375321e+36
741.0	7.82458946342035e+36	7.824589463420347e+36	7.668497575616218e+36
742.0	7.426931080881374e+36	7.426931080881372e+36	7.572233300146476e+36
743.0	7.590117192080347e+36	7.590117192080344e+36	7.585123087457102e+36
744.0	7.196668930637641e+36	7.196668930637639e+36	7.142568636577091e+36
745.0	7.234001609410363e+36	7.234001609410359e+36	7.206073828565032e+36
746.0	7.337927713047503e+36	7.337927713047499e+36	7.228918117465415e+36
747.0	7.600971464829782e+36	7.60097146482978e+36	7.343230097701233e+36
748.0	7.258893608876053e+36	7.258893608876049e+36	7.217998682306203e+36
749.0	7.309696751895972e+36	7.309696751895969e+36	7.05346827550917e+36
750.0	7.258772405261086e+36	7.25877240526108e+36	7.054215204327421e+36
751.0	7.178790274739246e+36	7.178790274739244e+36	6.985648767025063e+36
752.0	6.87857728266648e+36	6.878577282666476e+36	6.570631705364552e+36
753.0	6.963915814342524e+36	6.963915814342521e+36	6.776842480391724e+36
754.0	7.387296290100384e+36	7.387296290100383e+36	7.107991906885736e+36
755.0	7.198602535040594e+36	7.19860253504059e+36	6.843505071511829e+36
756.0	7.279935192752806e+36	7.279935192752804e+36	6.937250061871764e+36
757.0	7.498441403549475e+36	7.498441403549471e+36	7.097118308171468e+36
758.0	7.124567200163698e+36	7.124567200163696e+36	6.803728897775926e+36
759.0	7.157445996900515e+36	7.15744599690051e+36	6.83545189144988e+36
760.0	7.045124188546746e+36	7.045124188546742e+36	6.743849850218625e+36
761.0	7.133561337142365e+36	7.133561337142361e+36	6.876119049979917e+36
762.0	7.149928848473778e+36	7.149928848473775e+36	6.864756002999911e+36
763.0	7.272816592058732e+36	7.272816592058728e+36	6.995607493269874e+36
764.0	7.012509611117016e+36	7.012509611117012e+36	6.807226830619317e+36
765.0	6.957141687603196e+36	6.957141687603194e+36	6.713717043985699e+36
766.0	6.842167274851061e+36	6.842167274851059e+36	6.637893580577194e+36
767.0	7.130103426203202e+36	7.1301034262032e+36	6.894623856670829e+36
768.0	6.846966083688319e+36	6.846966083688315e+36	6.636430333093615e+36
769.0	7.059957022667827e+36	7.059957022667825e+36	6.928611120779387e+36
