Time in ps	0.525 ps (0.5 - 0.55 ps)	1.5 ps (1.3999 - 1.6 ps)	19.8 ps (19.1772 - 20.4 ps)	101 ps (94.9126 - 108 ps)	1.01e+03 ps (949.418 - 1.08e+03 ps)
320.0	0.023108431331003286	0.023733952009158486	0.02628676898664767	0.026307623557648263	0.026061215915729564
321.0	0.02627408535913384	0.027394053071419774	0.03196699713692512	0.03201701543937404	0.031717131367616475
322.0	0.02243475374224192	0.023580247456265052	0.02825807391958865	0.028312958702929637	0.02804776829650944
323.0	0.02044538547762901	0.0220819206536272	0.028766720298419864	0.028854878019925534	0.02858461178238325
324.0	0.024460107662037416	0.025909376615114346	0.03182830405926947	0.03190103871405447	0.031602240926503856
325.0	0.024121403325655523	0.025463719999847933	0.03094562888926845	0.031011764671885815	0.03072129617786049
326.0	0.02480134448295812	0.0262288025879467	0.032058547804592934	0.03212959223357027	0.03182865372304446
327.0	0.02596968977993674	0.027659393856007818	0.034560654394710726	0.03464759552558398	0.03432307239711001
328.0	0.0241149899519307	0.02551426183715083	0.03122892352008897	0.03129873022628422	0.03100557389902593
329.0	0.026990172519529308	0.02853086032749049	0.034823003354880144	0.0348994972149277	0.03457261467518752
330.0	0.02416180172552445	0.02561418127193867	0.031545864560273355	0.03161904987823592	0.03132289331002862
331.0	0.025032206215971447	0.02684016421575325	0.03422481729443118	0.03432015619522519	0.03399869999352362
332.0	0.024721540531110413	0.02628780999326755	0.03268483029695829	0.03276487539110608	0.03245798656649179
333.0	0.026294016671727618	0.027922858659506077	0.03457535358209164	0.034658105415368734	0.03433348384706428
334.0	0.02523551728159085	0.026838183426931617	0.03338386547498642	0.033465821439071314	0.03315236727562512
335.0	0.02617462216156888	0.027998346370283696	0.0354472601324767	0.03554265449646915	0.03520974789054604
336.0	0.024757950166170172	0.026249875729273738	0.03234307858930012	0.03241830846787862	0.03211466572656103
337.0	0.02502454881516176	0.026633665442782603	0.03320573911695435	0.033288287361297145	0.03297649605248
338.0	0.025921762878657044	0.02741500406819801	0.03351341102868271	0.03358774839035956	0.0332731522106442
339.0	0.026081748947639285	0.02775561412557493	0.03459213119973682	0.03467795887678353	0.034353151353104405
340.0	0.026181897020126764	0.027622457856228404	0.03350554399246808	0.03357627251787401	0.0332617838257068
341.0	0.024105717871176224	0.025547316277265857	0.03143494991116161	0.031507488464096955	0.031212376824361225
342.0	0.025568562678746614	0.02687479994415118	0.03220905329984803	0.03227165197563474	0.0319693828771256
343.0	0.023775274219262326	0.025198417975850908	0.031010684191012942	0.031082312489727967	0.03079118321688676
344.0	0.02312328131272129	0.024378983451410426	0.02950708316627791	0.02956848265471059	0.029291532512769537
345.0	0.024519495474765323	0.02550587288027513	0.029533149672885676	0.02957604356565635	0.029299022605081382
346.0	0.02395307369325969	0.0248976931052631	0.028754406511867225	0.028795088525218955	0.02852538229944762
347.0	0.023133086474875136	0.02398004458107335	0.02743777896419592	0.02747286416257241	0.027215542414846305
348.0	0.02233312444378168	0.02303756300461026	0.02591299875836387	0.025939583329218384	0.025696622898174953
349.0	0.024191152976458286	0.024661637031299515	0.02658072463880812	0.02659069222083813	0.026341633245404606
350.0	0.02467637181550384	0.025050532654260937	0.026575916202721796	0.026579277178501986	0.026330325120834358
351.0	0.023258169696156333	0.02348040024355815	0.024385118959831465	0.024379892750363678	0.02415154099998133
352.0	0.024168988060244	0.024165509364640136	0.024147715074052438	0.02412719784590515	0.023901212936159676
353.0	0.02478222068834476	0.02473545600084895	0.024540679388046927	0.024516861451430366	0.024287226797697372
354.0	0.018702529138856228	0.018493431824570625	0.01763617059265636	0.017607009986058162	0.017442095743193407
355.0	0.02162011263548612	0.021315329885780197	0.02006661081130485	0.020028842324572357	0.01984124423888666
356.0	0.023330714015015713	0.022795860277101874	0.020606685177331257	0.020552673424566566	0.020360168928798536
357.0	0.019293203936695855	0.018932443234095406	0.01745531046596699	0.01741589311012743	0.01725276894368643
358.0	0.01944697939060402	0.018807042241960836	0.016189010719324808	0.01613149693484715	0.015980402932541268
359.0	0.023069519631491404	0.022281443013922105	0.019057491840163768	0.01898740241221876	0.01880955886578678
360.0	0.023862362514862442	0.023333867591831765	0.021170599564340406	0.021116550658413634	0.020918764664705783
361.0	0.022681935481414624	0.02163586524211724	0.017357660703108742	0.01727129268570223	0.017109522903860048
362.0	0.017454854417120226	0.01649200559052231	0.012554665640116503	0.012478042495683057	0.012361168197333959
363.0	0.02258470113028354	0.021348961273079815	0.016295671670005556	0.016197178487095877	0.016045469284993306
364.0	0.019446343683964234	0.01826209231168751	0.013419679005322168	0.01332713463496384	0.013202307402565307
365.0	0.02457252570760004	0.023013179214883127	0.016637151936109783	0.016516162926299406	0.01636146598918236
366.0	0.023084997011187477	0.02146448584923908	0.014838724687956531	0.01471504822060286	0.014577221238547692
367.0	0.0216005751042059	0.020032836134857804	0.013622952367241857	0.01350391861262049	0.013377435551130187
368.0	0.020753280565725663	0.019212791012807	0.01291438952416055	0.012797820920491492	0.012677951450210185
369.0	0.025037267802357037	0.023240388325145578	0.01589359545557858	0.015756929016841843	0.015609343365692932
370.0	0.02314612029526869	0.021326732975300165	0.013888240071118314	0.013751712957267839	0.013622908955477804
371.0	0.023771416595268876	0.022034963196001373	0.01493529354993759	0.01480357889315043	0.014664922697622453
372.0	0.022027290853422022	0.02041676505320157	0.013831966437925766	0.013709820707747393	0.013581409085500767
373.0	0.023349810075039005	0.02160732948146624	0.01448309166384365	0.014351343106658226	0.014216922730970149
374.0	0.0220272623342025	0.020336021623840118	0.013421375333640304	0.013294034955742579	0.013169517747808647
375.0	0.02026278333954956	0.018625758700574337	0.011932931789378789	0.0118105621979963	0.011699939784646257
376.0	0.019263181414690345	0.01763693749349384	0.010988314809280801	0.010867478355940595	0.010765689240117497
377.0	0.02069623967233162	0.01913499102167595	0.012751764331018378	0.012633907601855874	0.012515573408753918
378.0	0.0	0.0	0.0	0.0	0.0
379.0	0.0	0.0	0.0	0.0	0.0
380.0	0.0	0.0	0.0	0.0	0.0
381.0	0.0	0.0	0.0	0.0	0.0
382.0	0.0	0.0	0.0	0.0	0.0
383.0	0.0	0.0	0.0	0.0	0.0
384.0	0.0	0.0	0.0	0.0	0.0
385.0	0.0	0.0	0.0	0.0	0.0
386.0	0.0	0.0	0.0	0.0	0.0
387.0	0.0	0.0	0.0	0.0	0.0
388.0	0.0	0.0	0.0	0.0	0.0
389.0	0.0	0.0	0.0	0.0	0.0
390.0	0.0	0.0	0.0	0.0	0.0
391.0	0.0	0.0	0.0	0.0	0.0
392.0	0.0	0.0	0.0	0.0	0.0
393.0	0.0	0.0	0.0	0.0	0.0
394.0	0.0	0.0	0.0	0.0	0.0
395.0	0.0	0.0	0.0	0.0	0.0
396.0	0.0	0.0	0.0	0.0	0.0
397.0	0.0	0.0	0.0	0.0	0.0
398.0	0.0	0.0	0.0	0.0	0.0
399.0	0.0	0.0	0.0	0.0	0.0
400.0	0.0	0.0	0.0	0.0	0.0
401.0	0.0	0.0	0.0	0.0	0.0
402.0	0.0	0.0	0.0	0.0	0.0
403.0	0.0	0.0	0.0	0.0	0.0
404.0	0.0	0.0	0.0	0.0	0.0
405.0	0.0	0.0	0.0	0.0	0.0
406.0	0.0	0.0	0.0	0.0	0.0
407.0	-0.03462451769318698	-0.03474485058849767	-0.03523147388185016	-0.03521014603050244	-0.03488035382993039
408.0	-0.03683455292259174	-0.03698870303940377	-0.03761319579931567	-0.03759218872293199	-0.037240085365222525
409.0	-0.038021027276184255	-0.038091089823705536	-0.038371776610660116	-0.03834436158806758	-0.037985213080764246
410.0	-0.039263015902521174	-0.03932744495574964	-0.039584926153294175	-0.0395561057405034	-0.03918560755659274
411.0	-0.04094095313100075	-0.04095182482347555	-0.040990191326528966	-0.040956515184970184	-0.04057290021043128
412.0	-0.04177762129161179	-0.04178081618275291	-0.041787686974875275	-0.041752814264309046	-0.041361740836583
413.0	-0.042498555269796644	-0.0424809640069787	-0.04240278384687406	-0.04236596804760526	-0.04196915157820791
414.0	-0.04372494827174106	-0.0436646928743335	-0.043411980878323854	-0.043371389555826784	-0.042965155909566136
415.0	-0.043823670258336674	-0.043796155157076355	-0.04367722427944489	-0.04363865717431779	-0.043229920193496175
416.0	-0.045488356697794635	-0.045434981087601176	-0.0452101227893854	-0.04516849360279519	-0.0447454275668654
417.0	-0.0459217433011461	-0.04582039560374658	-0.045399431521987256	-0.04535435104459058	-0.044929544194079435
418.0	-0.04624475182640305	-0.04623334461967371	-0.046179881437456764	-0.046140318161928276	-0.04570814963153755
419.0	-0.04785639636423798	-0.04771173008894106	-0.04711345487716192	-0.04706396207140374	-0.046623142325544875
420.0	-0.049105254367431905	-0.04895281878299915	-0.04832260879338086	-0.0482715673722535	-0.047819436715912614
421.0	-0.0491181201368249	-0.0490083480553832	-0.04855248384242802	-0.0485041773677132	-0.04804986799386751
422.0	-0.04897606656301199	-0.048868313356444454	-0.048420720462419284	-0.048372663193418944	-0.04791958563352129
423.0	-0.04986053246088811	-0.04980244019325929	-0.0495576595907438	-0.04951205577719982	-0.049048306214228156
424.0	-0.0497996283002682	-0.04977660120474707	-0.049675126138182785	-0.04963183019612807	-0.04916695877843546
425.0	-0.05009916044038925	-0.05007191933190406	-0.04995317903056813	-0.049909360381587414	-0.04944188950603956
426.0	-0.050876308791709596	-0.050893588671349244	-0.05095667174665146	-0.050915065863336786	-0.050438175151162695
427.0	-0.05260568651103872	-0.052624407998744585	-0.0526931262735126	-0.05265016110800212	-0.05215701880520617
428.0	-0.051759929176763426	-0.0517994759676772	-0.05195342366177685	-0.051912508911726225	-0.05142627575214394
429.0	-0.05142094207734893	-0.05148583768024581	-0.05174342542994162	-0.051704426713955344	-0.05122014253482674
430.0	-0.05267664292131795	-0.052722474023316826	-0.052901967313458934	-0.05286068729759631	-0.05236557312297695
431.0	-0.05217396911553837	-0.05226382530477125	-0.05262330491824455	-0.052585280347696294	-0.05209274574388625
432.0	-0.05143277176301708	-0.05153361694643607	-0.05193811366639798	-0.05190141867035686	-0.05141528938640853
433.0	-0.05217602096837118	-0.052315026235165964	-0.052875357024925844	-0.05284049388096412	-0.052345568845947515
434.0	-0.05217068168283273	-0.05233106159617808	-0.05297874231113211	-0.052945259285459886	-0.052449352976100545
435.0	-0.05181378684182314	-0.05206175327300832	-0.05306741585968285	-0.053039869415037535	-0.052543076949705184
436.0	-0.05116309256180917	-0.051433073564780205	-0.05252879672815071	-0.052503213454709624	-0.05201144752208163
437.0	-0.05151398194818763	-0.051750370476539895	-0.052708763461655476	-0.05268072361263288	-0.0521872950494044
438.0	-0.051207553325975	-0.051510666472828814	-0.05274178010407489	-0.05271829182675337	-0.052224511384757796
439.0	-0.050954148469821596	-0.05123363897297194	-0.052368254374316796	-0.05234345855446776	-0.051853188949638106
440.0	-0.05093958153310416	-0.051265965229873596	-0.05259221542501334	-0.05257044980083836	-0.05207805410593986
441.0	-0.050708922778447366	-0.051040960274308336	-0.052390349303771365	-0.052369141219537604	-0.05187863106070252
442.0	-0.049866773721623986	-0.05022416118026408	-0.051677269463664695	-0.05165839996446707	-0.05117454689029327
443.0	-0.049381667344177746	-0.0497402992583035	-0.05119856492693015	-0.05118018283537936	-0.050700808932614555
444.0	-0.0498424583253495	-0.050196396722170404	-0.051635413749571535	-0.05161634269101165	-0.051132883541949364
445.0	-0.04891229027012033	-0.04931109719414128	-0.05093361061963094	-0.05091820823169228	-0.050441288087049604
446.0	-0.048594369677812346	-0.04901844887219592	-0.050744286441074545	-0.05073077747274837	-0.050255612878987894
447.0	-0.048120595813339516	-0.04854355588401235	-0.05026489021237713	-0.050251707020562614	-0.049781029590772664
448.0	-0.047902522881627774	-0.048349030480438294	-0.050166625877708836	-0.050155141267600595	-0.049685368310986744
449.0	-0.046707306893047376	-0.047156444553941426	-0.04898496485932527	-0.0489746530713622	-0.048515937035664626
450.0	-0.046967534511388166	-0.04742661252933067	-0.04929571633926707	-0.04928582579689488	-0.04882419519396835
451.0	-0.04582875672150442	-0.046288092783248254	-0.04815841971047413	-0.04814950194326953	-0.0476985146004988
452.0	-0.04490694809984359	-0.04540323683819248	-0.04742471019446452	-0.047418944628514044	-0.04697479997548957
453.0	-0.043301489942735985	-0.04382710109368644	-0.045968640436726244	-0.045966110023685655	-0.04553557319613322
454.0	-0.043791581724175785	-0.04431083090087741	-0.04642629898713063	-0.046422947625844424	-0.04598813187601383
455.0	-0.042261553353347095	-0.04280900757443156	-0.045039964268674355	-0.04503971281425092	-0.04461785299060812
456.0	-0.04172330304870289	-0.042297312712076374	-0.04463686995119574	-0.04463877949762169	-0.04422067497454413
457.0	-0.04012659032619453	-0.04068953697918644	-0.04298412077767616	-0.04298665899816148	-0.04258402889130915
458.0	-0.04025788151152254	-0.0408229996449296	-0.04312643792661853	-0.04312900566196484	-0.04272504227977113
459.0	-0.03913526174175731	-0.03969227184954734	-0.04196274227106722	-0.04196573078887493	-0.041572663100776265
460.0	-0.038912455985512004	-0.039426749519279186	-0.041522688367904015	-0.04152311479858575	-0.04113419282747892
461.0	-0.03737657907981068	-0.03791625036759411	-0.04011612475089492	-0.04011947403962075	-0.03974369912490128
462.0	-0.03752795594945786	-0.03804264376175065	-0.04014039884167782	-0.040142013134562546	-0.03976602710972222
463.0	-0.03582632611939353	-0.03636185819565316	-0.038545046895510596	-0.038549431452325575	-0.03818836217953754
464.0	-0.03579343412239808	-0.036318857961800774	-0.03846074344525336	-0.03846450507103816	-0.03810423125243442
465.0	-0.03421064067098307	-0.03470322643787285	-0.03671115095617137	-0.036714128163540305	-0.03637024906966045
466.0	-0.03386693191616004	-0.03436937843609267	-0.03641765056671884	-0.03642155098804298	-0.03608041228810132
467.0	-0.0333422217668054	-0.03378854917581867	-0.03560756393560024	-0.0356082931979686	-0.03527477179319527
468.0	-0.03250653965560418	-0.03297318242635579	-0.034875341198805664	-0.0348780795980847	-0.034551397663679
469.0	-0.03089361587402639	-0.03136060263856422	-0.03326440596909102	-0.03326852078895724	-0.03295691462110078
470.0	-0.030991881195390827	-0.031388948610006295	-0.03300700659866675	-0.03300653902251943	-0.03269738667981641
471.0	-0.029344111171315107	-0.02971516380920926	-0.031227154375083777	-0.03122639607319494	-0.030933917255779587
472.0	-0.028465138315690475	-0.028804675840898894	-0.030188007614562817	-0.030185959078932408	-0.029903225407279296
473.0	-0.0273349583478706	-0.027672940550730083	-0.02905008370869659	-0.029048884024022982	-0.028776800648574047
474.0	-0.026655324581083027	-0.026992536817825	-0.028366634073136863	-0.028365955485179933	-0.02810026868944108
475.0	-0.02542151372135781	-0.02576082928862737	-0.027143704637251187	-0.027144197377861	-0.026889954053403026
476.0	-0.02478062328768012	-0.025102535295986737	-0.02641438455120907	-0.026414295348734563	-0.026166888576329032
477.0	-0.02380283022320353	-0.02410573186671052	-0.025340038573117944	-0.025339546894587332	-0.025102206642700173
478.0	-0.02262185799029459	-0.022892982669390816	-0.023997605218850013	-0.023996060026213954	-0.023771303405473163
479.0	-0.02139707281188958	-0.021627919182641245	-0.022568122666984543	-0.022565013615763855	-0.02235366074358348
480.0	-0.020686929872713467	-0.020899998653467932	-0.021767657791026386	-0.021764000872181888	-0.02156015060322517
481.0	-0.019526902408491646	-0.019726280641473304	-0.02053816405172651	-0.02053460004304245	-0.020342264830123847
482.0	-0.018475898911529093	-0.01870352961664606	-0.019631024530126745	-0.01963016127032171	-0.0194462973898838
483.0	-0.017606637173500125	-0.01779523922473904	-0.01856336924511453	-0.01856072403920306	-0.018386876932250395
484.0	-0.016876705339800097	-0.017050772963009372	-0.01775961499689325	-0.017756647263265056	-0.01759033145848074
485.0	-0.0157650318227048	-0.015951424459682825	-0.016710798197446555	-0.016709557090310672	-0.016553048747623533
486.0	-0.015332484893513212	-0.01546840470399024	-0.016021581400612	-0.01601745513530243	-0.015867429294155463
487.0	-0.01353981347923965	-0.013737829304556772	-0.014545031548299685	-0.01454640688059839	-0.014410159461213377
488.0	-0.012532630761217935	-0.012732681598037917	-0.013548349190775149	-0.013550701167791727	-0.013423779923253156
489.0	-0.011893970481719045	-0.012053454260653516	-0.012703436012515975	-0.012703713411285176	-0.01258472539017422
490.0	-0.010898332185180623	-0.011073098102922545	-0.0117856788976735	-0.011787775810100732	-0.01167736682405428
491.0	-0.009978520339588723	-0.010138059062201549	-0.010788548937145398	-0.010790438168175496	-0.010689370642262164
492.0	-0.009319649293819648	-0.009474510157307001	-0.010105981150675793	-0.010108122539910745	-0.010013445852941727
493.0	-0.008797099440673868	-0.008950268032472047	-0.009574900793613257	-0.00957737202701502	-0.009487666559973722
494.0	-0.007733550128148811	-0.007903290879329866	-0.008595804506063265	-0.008600235297686283	-0.008519682081030835
495.0	-0.00680558496448037	-0.0069414549617091755	-0.0074956905408293225	-0.00749872062981981	-0.007428484636654616
496.0	-0.00659053222284569	-0.006725980575734862	-0.007278524912462147	-0.0072817084328939425	-0.007213505062084791
497.0	-0.005727160254248648	-0.005867542477886685	-0.0064403772826808845	-0.0064446032635552715	-0.006384240551964387
498.0	-0.0051216121188891375	-0.005272833209568355	-0.005890051531230841	-0.005895483527641028	-0.005840264089416947
499.0	-0.004363323985754364	-0.004502608371027527	-0.005071158697488283	-0.00507645916030173	-0.005028911029320282
500.0	-0.004018040323691495	-0.004148361506691401	-0.004680334139585869	-0.004685347661590564	-0.004641462836111346
501.0	-0.0031489267050200174	-0.003268226688122588	-0.003755289017628113	-0.0037603229803349885	-0.0037251023031045468
502.0	-0.0026241968660069806	-0.0027399284996112655	-0.003212486183598039	-0.003217731079768865	-0.0031875925336012573
503.0	-0.002455784255477124	-0.00255684233942529	-0.002969460370112912	-0.0029739023087049067	-0.00294604755956121
504.0	-0.0018705864672719796	-0.001955704372448473	-0.002303268279711383	-0.002307175693836306	-0.0022855657707451416
505.0	-0.001292993089214284	-0.0013777858484871996	-0.0017241065374958484	-0.0017284779985970193	-0.0017122883877716483
506.0	-0.001039109019357629	-0.0011081937620036134	-0.0013903600234473127	-0.0013939337160653654	-0.0013808775797436185
507.0	-0.00029065336278099924	-0.0003369177363782401	-0.0005259376195412337	-0.0005286710690619101	-0.0005237193260537666
508.0	4.0260617248946804e-05	1.663073957186856e-06	-0.00015607471174645122	-0.0001585925872934291	-0.00015710714620469898
509.0	0.0005307191302334202	0.0005061310638402234	0.0004055714666813187	0.000403543406238617	0.00039976365853933534
510.0	0.0008470677702969222	0.0008293667304877892	0.0007569046594602441	0.0007550542158758511	0.0007479820784423855
511.0	0.0012665784999908905	0.0012623120565988025	0.0012446893850351927	0.0012433513291232109	0.0012317056071566492
512.0	0.0016124131159145725	0.001630527448430485	0.0017043143339809243	0.0017041262880470363	0.001688164764971458
513.0	0.0017581374470720193	0.0017882804780151537	0.0019112019883029076	0.0019116657319858535	0.0018937603121240085
514.0	0.002199281751061184	0.002227985945808181	0.002344962227962616	0.0023449629664835728	0.0023229991127715244
515.0	0.002662293822352196	0.002707965381530667	0.0028942115503733374	0.0028949155137510574	0.0028678005862451854
516.0	0.0030054026321324665	0.0030660600972131956	0.0033134965225389396	0.0033148768635898507	0.003283828411430378
517.0	0.0035986447756774834	0.0036714881747627933	0.003968635522943892	0.003970302017383606	0.0039331145931389665
518.0	0.0033966864701175984	0.003478508937758964	0.0038123798400702914	0.0038147937848689827	0.0037790629124472056
519.0	0.003736997892318219	0.003838461494955414	0.004252547019125749	0.004255939292880045	0.004216076476574879
520.0	0.0039696891066249825	0.0040678413398635115	0.004468360247632236	0.004471344029616294	0.004429463647063171
521.0	0.004356222163813671	0.004462876683264802	0.004898083608550409	0.004901290032778437	0.004855382605342937
522.0	0.004453977137385612	0.004581109366887151	0.0050999855538786465	0.005104427808644181	0.005056617712196799
523.0	0.004753813015082932	0.004874478672885594	0.005366884325870897	0.0053706586479045386	0.005320354927761298
524.0	0.004926749462803565	0.005055191615907234	0.0055793509101046855	0.005583480508844985	0.005531183414699313
525.0	0.005458686469910613	0.005606659371525642	0.006210553813654817	0.006215493739799178	0.006157276958932381
526.0	0.005353045403572038	0.005511648676378598	0.006159000587450627	0.006164713366738303	0.006106972215003035
527.0	0.005661549893067138	0.005846760350172798	0.006602798887737542	0.006609965025335137	0.006548053469884255
528.0	0.005789958902957332	0.005980455947163999	0.006758079517357633	0.0067654780726825025	0.006702109920318617
529.0	0.006296991041808446	0.006487129817501004	0.007263214227372915	0.007270163998674313	0.007202068757646129
530.0	0.006372638861747175	0.006568904048988746	0.0073700133101398495	0.0073772938494293516	0.007308195187708442
531.0	0.006545640157380009	0.006778386285741301	0.00772855210082403	0.007738035230733354	0.007665557722096487
532.0	0.006470756720864127	0.006709815614866564	0.007685790118407608	0.007695742402394587	0.007623661025174886
533.0	0.006832559253521857	0.007074283605977281	0.00806109714360304	0.00807091718655589	0.007995321773423502
534.0	0.006892926121378391	0.007177811788115093	0.008340998413709102	0.0083535455573346	0.008275302934744978
535.0	0.0072589162300628705	0.007512343301705573	0.008546917775869342	0.00855713299746904	0.00847698349410626
536.0	0.0072375528153437105	0.007511065852764542	0.008627726331624784	0.008639252188817517	0.008558333524530663
537.0	0.00765543503189651	0.007946492847784162	0.009134789541823115	0.009147093678249604	0.009061418369048412
538.0	0.007792089874016227	0.008083796215396412	0.009274722926266438	0.009286954059253612	0.009199968762221608
539.0	0.007685082733903269	0.008012855802464709	0.009351187806778537	0.009365829979692108	0.009278105899506842
540.0	0.00779135766285163	0.008132793323061552	0.009526942822915245	0.00954237506343345	0.00945299739194029
541.0	0.007984283779211525	0.008321116391541301	0.009696426619090995	0.009711400626176644	0.009620439794183734
542.0	0.008272043236471504	0.008645027478177887	0.010168031511437435	0.010185090559210531	0.010089692959343106
543.0	0.00833924494631557	0.008692239012151735	0.010133541706952092	0.010149257796155976	0.01005419582015681
544.0	0.008550178627051458	0.008919944016840372	0.010429752785263681	0.010446371138602174	0.010348526281139006
545.0	0.008617000644760876	0.009006892634236215	0.010598940404669447	0.010616797964361387	0.010517356821625974
546.0	0.008763199877044759	0.009138837743953031	0.010672613302315882	0.010689430736089313	0.010589309285982573
547.0	0.008760461426563662	0.009164568019768435	0.010814683619961818	0.010833335550921298	0.010731866231226121
548.0	0.008479351978164539	0.008896714042794872	0.010601040764573447	0.010620781826546343	0.010521303369391168
549.0	0.008780770911041156	0.009216246094114618	0.01099454883897728	0.011015202545254404	0.010912029787134073
550.0	0.008712453152076083	0.00917160325115661	0.01104666547326967	0.011068900218686176	0.010965224506859357
551.0	0.008940544549604811	0.009395040695917742	0.011251050412607344	0.01127279412212436	0.011167208659081544
552.0	0.009025284319996723	0.00950635969434434	0.011470974921537948	0.011494358072847531	0.01138669735393002
553.0	0.009195370720164459	0.009682282979984701	0.01167072590582916	0.011694341896945203	0.011584808050172
554.0	0.008984295241451163	0.00949886325894557	0.011600354813199638	0.011625927909182385	0.01151703485498274
555.0	0.009179922540698023	0.00967824936885561	0.011713341092018468	0.011737704675931899	0.011627764676168474
556.0	0.009277815994939768	0.009824095217785236	0.012055133590959792	0.012082501112201249	0.011969331612210733
557.0	0.009437695244546985	0.00996919451695046	0.012139809816668764	0.012166091884277218	0.01205213943993523
558.0	0.009608422339769924	0.010157344702043374	0.012399135519637115	0.012426395557122003	0.012310005005289512
559.0	0.009691470279515255	0.010269647803845205	0.01263097979231664	0.012660052910603362	0.01254147383128816
560.0	0.009289706777270902	0.009893893012128216	0.012361571076622188	0.012392655408728095	0.012276580880544053
561.0	0.009723875445198168	0.010306782360746322	0.012687436571905868	0.012716786856808824	0.012597676384841456
562.0	0.009801614699484136	0.010399996292728999	0.012843877453074097	0.012874158388105229	0.012753573911932017
563.0	0.009868392428178767	0.010502328614309346	0.013091496462290086	0.013124009559753414	0.013001084878373443
564.0	0.010126103723153172	0.010738728784313952	0.013240768928040242	0.013271694092714392	0.013147386139379881
565.0	0.010334503954125268	0.011006728270881682	0.013752294495135544	0.013786880382561435	0.01365774699001926
566.0	0.009981099863645756	0.010657176590829712	0.013418538309317767	0.013453668864816205	0.013327656463584041
567.0	0.010236697874926209	0.01092391921226011	0.013730786393521122	0.013766419585473701	0.013637477836884657
568.0	0.009970246613398138	0.01066975233865064	0.013526860063952682	0.013563507582009563	0.013436466387775708
569.0	0.010300539118373097	0.010992650101674266	0.013819489744701801	0.013855384021874945	0.013725608997072189
570.0	0.01046377422269312	0.011173030754725526	0.014069912831675021	0.014106773507263196	0.013974643868787051
571.0	0.010607268296112521	0.01131679517842495	0.014214760817575197	0.01425151840850371	0.014118033031841629
572.0	0.010195933393501624	0.010928012937994792	0.013918202663268315	0.013956757079305555	0.013826032554238678
573.0	0.010039303111660269	0.010760323190508533	0.01370534074992409	0.013743314911601655	0.013614589570574792
574.0	0.010122373719584504	0.010824011529053247	0.01368980965710468	0.013726466659795983	0.01359789912617147
575.0	0.010114922006946941	0.010827951202825571	0.01374030220955346	0.013777698598908263	0.01364865120661695
576.0	0.009777153328273037	0.010530827583484989	0.013609327754954277	0.013649623595291118	0.013521775804330756
577.0	0.010141141619749803	0.0108773890332379	0.013884619187431944	0.01392348784587403	0.013793074933652338
578.0	0.010588628601307744	0.01131351394675175	0.014274245884704578	0.014312007570397772	0.014177955628248735
579.0	0.010441612354289375	0.011213586852634565	0.014366773996789551	0.014407689700022479	0.014272741561101301
580.0	0.010030433794062587	0.01083055319420263	0.01409881751799702	0.014141889821911929	0.014009431270144843
581.0	0.010525728965678896	0.011354557914715051	0.014740072684137559	0.014784576813230782	0.014646098600072006
582.0	0.010406059604981097	0.011175482959554145	0.014318249922512067	0.014359031290207174	0.014224538905260752
583.0	0.010517192355676469	0.011276037667670746	0.014375560193510637	0.014415567464781506	0.014280545539582457
584.0	0.010318541842547518	0.01111962949239308	0.014391807987200675	0.014434700697799254	0.014299499563169058
585.0	0.01015695799714685	0.010913675696834206	0.014004556905995846	0.014044729716438265	0.01391318120475359
586.0	0.01039524339530322	0.011160153851399799	0.014284480109537409	0.014324980116676819	0.014190806668532294
587.0	0.01016686877843006	0.010906213243682152	0.013926095928732854	0.013965142306402589	0.013834339241974915
588.0	0.009572452175543818	0.010350810157272253	0.013530212579825935	0.013572268898092932	0.013445145641937196
589.0	0.009622649690192574	0.010371898277343257	0.013432335491391592	0.013472476231455283	0.013346287673002043
590.0	0.010212800469584147	0.010918816441278154	0.013802492877391881	0.013839355724736439	0.013709730827332713
591.0	0.010333501935594555	0.011077670662878035	0.01411724339438723	0.01415646034066923	0.014023865315611853
592.0	0.009442502360730812	0.010185999464578242	0.013222959472068226	0.013262881316259714	0.01313865590695553
593.0	0.009782567840495061	0.010522653355874035	0.013545621296765339	0.01358503804310542	0.013457795186050038
594.0	0.009883473560508553	0.01062724977751268	0.013665285114465967	0.013704854663082976	0.013576489556018392
595.0	0.00946258506321158	0.010176511974542802	0.013092628146004388	0.013130630041556977	0.013007643350159167
596.0	0.009542094753721963	0.010248835507045171	0.013135573120126342	0.013173045767176603	0.013049661793256463
597.0	0.00963411567448716	0.010330524744862162	0.01317502751797334	0.01321175797101097	0.013088011403221605
598.0	0.009551775602565989	0.01026684966071298	0.01318764053065301	0.013225641366286178	0.013101764761116939
599.0	0.009691227720712934	0.010426118445249849	0.013427870997748545	0.013467030109538982	0.013340892561617326
600.0	0.009256063813237674	0.009938697397446416	0.012726961560770368	0.012763122876373083	0.012643578402910732
601.0	0.009747875376502839	0.010478013643323104	0.013460336525421779	0.013499142213410677	0.013372703890778184
602.0	0.009770452887709205	0.01042396708162618	0.013093156462419632	0.0131270118008634	0.013004058999312059
603.0	0.009826702558718488	0.010474594932199089	0.013120801983995418	0.013154248282125917	0.013031040372879499
604.0	0.009112217405221173	0.00980708405400824	0.01264536087236883	0.012682430266567474	0.012563641592117317
605.0	0.009244336214337576	0.009897566276399372	0.01256567242462579	0.012599951227533643	0.01248193508447246
606.0	0.009495661646379513	0.010163062041769392	0.012889039135485478	0.012924018892590358	0.012802967403181594
607.0	0.00928823091901149	0.009953619444652628	0.012671405589237758	0.01270643003385551	0.012587416568045295
608.0	0.009429408773299423	0.01003155258976977	0.01249086347112288	0.01252169905678277	0.012404415854579857
609.0	0.009348442850937782	0.009926021399402084	0.012284956413842833	0.012314279003996821	0.012198938580308669
610.0	0.008926190501661163	0.00953993452362464	0.012046725039476307	0.012078729718440626	0.011965595542856172
611.0	0.008950766674090524	0.009537387191364374	0.01193333178361533	0.011963570205611972	0.01185151465971071
612.0	0.008907944401739908	0.009493993275064564	0.011887608140456732	0.011917845727903168	0.011806218455605285
613.0	0.00889396930274763	0.00946764789226672	0.011810712711937857	0.011840165903475112	0.011729266211233047
614.0	0.008754473147567977	0.009311215231008089	0.011585088370945525	0.011613568685424647	0.011504791392641552
615.0	0.009378141010916975	0.009944317910195476	0.012256654812645283	0.012285218676545718	0.012170150443410882
616.0	0.008879908557923756	0.00936820911720674	0.011362372141102382	0.011386342356670152	0.011279693355819478
617.0	0.008172515967004938	0.008735720348033688	0.0110360883249007	0.011065473178491003	0.010961829565737321
618.0	0.008976429339438862	0.009519239181245615	0.011736144284089667	0.011763541579473997	0.011653359581042164
619.0	0.008556822860281742	0.008998458865531838	0.010801971439942326	0.01082320968268518	0.010721835205910007
620.0	0.008286124209815044	0.00885558582354829	0.011181507642171868	0.011211199809932466	0.01110619126372134
621.0	0.00839821134995091	0.008885714327927747	0.01087668929212891	0.010901012630907647	0.010798909420867937
622.0	0.008149403419680932	0.008662687737289575	0.010759056963085415	0.010785248454261504	0.010684229537454053
623.0	0.008319077565868688	0.0088376875694663	0.010955795498999416	0.010982187276216136	0.010879323752251188
624.0	0.008496804634080453	0.008997027199942257	0.011039967139685733	0.011065026305828785	0.010961386878628703
625.0	0.00818905003899316	0.008628852026381577	0.0104249241964675	0.010446353203236215	0.0103485085137996
626.0	0.00893986896069727	0.009372412829574675	0.011138712978627865	0.01115904444488629	0.011054524406449759
627.0	0.008817832142722576	0.009249776686091948	0.011013645713561128	0.011034041075748588	0.010930691868473848
628.0	0.008451853681239343	0.008852052295287712	0.01048624332937538	0.010504902870207963	0.010406509781334634
629.0	0.008026688395673985	0.008426448610797017	0.010058911041753871	0.010077899355464331	0.009983505750963382
630.0	0.008409957206190767	0.008821072555129168	0.010499881867715681	0.010519279168800348	0.010420751425815
631.0	0.007863911730119357	0.008234850527517271	0.00974955612133565	0.009766826213022044	0.009675346243005383
632.0	0.008453960535779499	0.008886720819078795	0.010653977303345061	0.010674730687744301	0.010574746924153989
633.0	0.007343411665421031	0.007781413989697851	0.009570256899055742	0.00959228011779674	0.009502435015810658
634.0	0.007485552444254481	0.007843154125295968	0.009303412586737194	0.009320142011836771	0.009232845863305077
635.0	0.00829144831067609	0.008672515557468246	0.010228548538766516	0.01024611150137809	0.010150142355154813
636.0	0.007256382895394154	0.007677446669003928	0.00939708177521559	0.009418087931388215	0.009329874382538156
637.0	0.007717289022641105	0.008070883085052504	0.009514729795474831	0.009531006720965168	0.009441735529885406
638.0	0.008415368432933359	0.008743337529175516	0.010082362493384041	0.010096404102308307	0.01000183717496721
639.0	0.00764012793062387	0.007943261863793818	0.009180910804833929	0.009194004991745393	0.009107890292571898
640.0	0.006682108767136904	0.007034022851142752	0.008471157464158757	0.008488195452021674	0.008408691645118711
641.0	0.007799551744560942	0.008095701506781152	0.009304785493400223	0.009317296331933542	0.009230026837136822
642.0	0.00750349827164906	0.007812159076452607	0.009072414231555505	0.009085978838612938	0.00900087595526205
643.0	0.008110853162772482	0.00843225003235265	0.009744462172501007	0.009758336488726316	0.009666936036810472
644.0	0.007988829952426042	0.008275084365375208	0.009443702223701365	0.009455417288405321	0.009366854097912701
645.0	0.007414561849697738	0.007720441918142165	0.00896934654801585	0.008982806866634024	0.008898670332914346
646.0	0.008173442713034147	0.008368520710541404	0.009164511812077317	0.009170203911780908	0.009084312142910889
647.0	0.007817156395675078	0.00810391684752605	0.009274628089775954	0.009286519866934682	0.009199538636717646
648.0	0.007370207521251757	0.007631206268771999	0.008696706500703068	0.00870731557717105	0.008625759404171797
649.0	0.008028569584931386	0.008292425184614611	0.009369502688673611	0.009379742837449818	0.009291888443883983
650.0	0.007988950031282808	0.00818219681108151	0.008970731815835709	0.008976460969712326	0.008892383874122365
651.0	0.007504829883312689	0.007785276755709508	0.008930233312069616	0.008941981001277705	0.008858226858801065
652.0	0.0075338576137238	0.007756820766252526	0.008666861388966435	0.008674885152675603	0.008593632735881988
653.0	0.006653084454725744	0.006915969558992747	0.007989284706127298	0.008000617313310553	0.007925680356700139
654.0	0.00746201742452714	0.007652034556103818	0.008427449370246996	0.008433413105355106	0.008354422411565969
655.0	0.006385049725342369	0.006611497331158128	0.0075359475263148245	0.0075451601330236324	0.007474489169089812
656.0	0.006572420246736938	0.006776679557722985	0.007610427840913321	0.007618055122908782	0.007546701395560145
657.0	0.007026659018968964	0.00726010857691817	0.008213077793900448	0.008222202310726926	0.008145189901080705
658.0	0.007269366595019616	0.007517477243009697	0.008530324196392903	0.008540188487598428	0.00846019769323662
659.0	0.007242591064996987	0.00742372865605541	0.008162889033045975	0.0081684655363444	0.008091956446624643
660.0	0.007243780045614596	0.007390276746549035	0.007987874289616378	0.00799122036696976	0.00791637142582674
661.0	0.0067068022646849	0.006907506112064671	0.007726704824272667	0.007733990449742835	0.0076615508261130335
662.0	0.006991404744954651	0.007175024458673287	0.0079243654098717	0.007930312565362294	0.007856034110879494
663.0	0.007429171437300478	0.00759733242447352	0.00828343528897881	0.008288019979464864	0.008210391095379632
664.0	0.006750615761634974	0.0069331238784853194	0.0076779578536678396	0.0076840356457317065	0.007612063918610947
665.0	0.006558720610030834	0.0067275149229144605	0.007416334795967491	0.007421691114995247	0.007352176610851852
666.0	0.007573064657549617	0.00771937806665144	0.008316177821412366	0.00831923562057906	0.008241314358399953
667.0	0.005651457275420747	0.005823168468368433	0.006524042720477234	0.006530348543045614	0.0064691827071560355
668.0	0.0054151111244130435	0.005596644303480511	0.006337691848363586	0.00634482824355123	0.006285400064414382
669.0	0.006992369257153217	0.007150850727796962	0.007797462175268866	0.00780179066717544	0.007728715999780913
670.0	0.006257147263560836	0.0063803252253413515	0.006882775025676959	0.006885448769686723	0.006820956924129748
671.0	0.006597502910679162	0.006763652616409774	0.007441659357323535	0.0074468129106951275	0.007377063105842399
672.0	0.006353650226953717	0.006544708976170181	0.0073245445398385685	0.007331505945497101	0.007262836151452312
673.0	0.005966727816634034	0.006110970640434275	0.0066995466151637696	0.006703819906109126	0.0066410292685777
674.0	0.006119912228834935	0.006275621103910287	0.006911031298078518	0.006915913903833432	0.006851136709757245
675.0	0.006130360010198332	0.006270152780927936	0.006840519045497233	0.006844368545956623	0.006780261474086249
676.0	0.006202322318787441	0.00636246982459112	0.007016006622908069	0.007021105696104597	0.006955343233959663
677.0	0.0061999784253458385	0.006331299975028345	0.006867037636866463	0.0068702834895443075	0.006805933688023667
678.0	0.006294676654046523	0.006405317727431552	0.006856529014109241	0.006858364394392753	0.00679412623183645
679.0	0.005842480577235671	0.005905975791517918	0.006164588853985231	0.0061637696922367015	0.006106037379281335
680.0	0.005945188874096966	0.006000513775741078	0.006225723021685355	0.006224291794378754	0.0061659926073926365
681.0	0.005730460562057233	0.005858176482746145	0.006379248979148816	0.0063826570076438854	0.006322874509262175
682.0	0.006571276682433936	0.0066022757935331605	0.006727983132928057	0.006724460649061133	0.006661476682080577
683.0	0.0060160860149179474	0.006149330913316575	0.006692955713542589	0.0066964797537643166	0.006633757867006864
684.0	0.005808740979432463	0.005931662028387927	0.006433128323420126	0.006436162034603038	0.006375878386903193
685.0	0.006242794830927452	0.00638169982921437	0.006948421497005371	0.006952119456749276	0.006887003147087716
686.0	0.006519201088982511	0.006597790099599156	0.006917984928284351	0.006917568972792906	0.006852776276643522
687.0	0.006198319585625591	0.006317115171166602	0.006801664764153912	0.006804105860333135	0.006740375904743259
688.0	0.005917478685818624	0.0059993566564937005	0.006333081160916453	0.006333382109785157	0.006274061139627125
689.0	0.005956027031503303	0.006063295054535449	0.006500772250588246	0.006502674892316504	0.006441768258787901
690.0	0.00589033425201974	0.005949061550291651	0.006188183072845391	0.006187016876239556	0.006129066820930822
691.0	0.006130117621888679	0.006220300302674411	0.006587931160552922	0.006588588045162224	0.006526876714941026
692.0	0.005429423053975486	0.005540816871347718	0.005995232409057534	0.005997842739615443	0.005941664564370508
693.0	0.005215612289428697	0.0053133043136653875	0.005711758077140659	0.0057136661089712045	0.0056601496448153
694.0	0.005911667285176653	0.005976044702938098	0.006238252714254027	0.006237432237388943	0.006179009971803651
695.0	0.0058750290751540405	0.005925315850041531	0.0061299467915626165	0.006128250228406383	0.006070850604837976
696.0	0.00531395417340011	0.005374974676837089	0.005623552894231444	0.005623018238397113	0.005570350818150747
697.0	0.00574783778131453	0.005787557951536327	0.005949026482859928	0.005946756666753015	0.005891056983902021
698.0	0.005875132936674168	0.005906565674207158	0.006034148128724356	0.006031238065208257	0.005974747096049093
699.0	0.005526464262579775	0.005574163693291999	0.0057682728608158635	0.005766702451021254	0.005712689227412321
700.0	0.00579170734840755	0.005843897261619255	0.006056317860240651	0.0060548137403533915	0.0059981019520758735
701.0	0.005592474160244069	0.005641894909189439	0.00584302860278928	0.005841513549238364	0.005786799615196145
702.0	0.00544583629130212	0.005489724329071033	0.005668269883974931	0.005666521878329765	0.005613446985718655
703.0	0.005784243314425012	0.005823169591107809	0.0059813884255011576	0.005979036948095887	0.005923034915319201
704.0	0.0054372394284979645	0.0054636211252390675	0.005570626945863979	0.005567759480768568	0.005515609635957023
705.0	0.005807888181324237	0.005859248425380343	0.006068276121629937	0.006066705019535433	0.006009881852817684
706.0	0.005550529063811374	0.0055836248327394665	0.005718051451922479	0.005715520969911209	0.005661987132357712
707.0	0.005677897564170452	0.005689825438416238	0.005737728972786428	0.005733729217581786	0.005680024834343662
708.0	0.005347271250071954	0.0053746010973113245	0.005485494927982221	0.005482764025448298	0.005431410281801666
709.0	0.005313073009645938	0.005348845942544113	0.005494248154395516	0.005492089348561851	0.00544064826024268
710.0	0.005967451055233595	0.005975945223874795	0.006009773786811537	0.006005309922422189	0.00594906180652572
711.0	0.0053516302409483425	0.005367843985820233	0.005433310365087788	0.005429860389479228	0.0053790021622757
712.0	0.005482808209159082	0.0054897334365487166	0.005517222154249845	0.005513064242970136	0.005461426695451032
713.0	0.005363700575650449	0.005359349225666013	0.005340772978347021	0.005335989334107408	0.005286010340449794
714.0	0.0054498710440680056	0.0054326030650236265	0.005361229263114233	0.005355541974509364	0.0053053798430556225
715.0	0.005593065720618502	0.005572123735438247	0.005485714624639223	0.005479670650821652	0.0054283458809239946
716.0	0.00539046642405193	0.0053742757681348036	0.005307313325059667	0.005301745249834887	0.005252086999853887
717.0	0.005748674349883254	0.005727002891330938	0.005637589692974923	0.005631368115667144	0.005578622487113225
718.0	0.005534943266914695	0.005530194519027846	0.0055099689213643855	0.005505015918389963	0.005453453754666668
719.0	0.005700931856883446	0.005672449823191649	0.005555211754984066	0.005548591947565991	0.005496621633448105
720.0	0.005383795863937511	0.005375117299113332	0.005338854580821329	0.005333775571649739	0.005283817312967546
721.0	0.005450601717216785	0.005434507287743611	0.005367929178105127	0.005362316803610535	0.005312091216419502
722.0	0.005839775031628157	0.005780801811435601	0.0055389386114962635	0.005530239865347742	0.005478441444098795
723.0	0.005944434205394118	0.00587953884453934	0.0056134588666780175	0.005604291105379647	0.005551799090826703
724.0	0.005319444824639834	0.005261028029946309	0.005021515742908245	0.0050132896994660205	0.0049663332386192666
725.0	0.0055385888667159894	0.005446077506205732	0.005067202712198036	0.005056598398640627	0.005009236291312721
726.0	0.0052683273721592485	0.005227450518267498	0.005059624114554073	0.005052569831750642	0.005005245457606066
727.0	0.005474026578878073	0.005418984647676338	0.005193241112919486	0.005185102476200545	0.005136536748705905
728.0	0.00511587863522384	0.005094147231320403	0.005004582750103925	0.004998888637929734	0.0049520670631595706
729.0	0.005458806586863616	0.005425094864505743	0.005286521119727522	0.005279768037640046	0.005230315634940769
730.0	0.005075642923899181	0.005014706310453607	0.004764932686597946	0.004756749178788241	0.004712195578263242
731.0	0.005623029022223079	0.0055972440450398255	0.005491039239272417	0.005484658420380968	0.005433286933051711
732.0	0.005042646529591924	0.005023998269074043	0.004947044132448168	0.004941609934933061	0.004895324855227458
733.0	0.005304917415722924	0.005273693733115663	0.005145310337883143	0.0051388465938361615	0.0050907141173046015
734.0	0.0050948792911865255	0.005084153928440081	0.005039569588721227	0.005034601438245358	0.004987445363220833
735.0	0.005265132417441525	0.005214039128877777	0.005004462953290108	0.004996753841089933	0.004949952261658725
736.0	0.004700317665087173	0.004668333552399371	0.004536932115116037	0.004530927079648571	0.004488488618535333
737.0	0.005415124152606955	0.005410042045465193	0.005388471889395536	0.0053835980373955076	0.005333173121729314
738.0	0.00518037006021082	0.0051824197266848206	0.005190028867673364	0.005185811114117965	0.005137238749269369
739.0	0.00514750427134319	0.005147924879862716	0.0051488816163463725	0.005144586615007418	0.005096400375176304
740.0	0.005160479243075259	0.005158910818631259	0.00515173729814667	0.005147303391738055	0.005099091705496902
741.0	0.0052767868424342034	0.005257094778468318	0.005175840393299829	0.005170142423900478	0.005121716818211052
742.0	0.005015841444811613	0.005034159133632532	0.005108273156560499	0.005105240530177737	0.005057422821400776
743.0	0.005122269335576462	0.005121632716743098	0.005118272748607297	0.005113930894310939	0.005066031788124833
744.0	0.004855530571131439	0.004848701427970774	0.004820074725534712	0.0048155582967076786	0.0047704538666746635
745.0	0.00488137028951437	0.004877841779383775	0.004862699541618101	0.004858373839645934	0.004812868382248429
746.0	0.0049495101087788035	0.004935756120323697	0.004878816591650056	0.004873775582433806	0.004828125866195897
747.0	0.00512336812617236	0.005090857049301594	0.004957239497777587	0.00495084533603608	0.004904473753891454
748.0	0.004897849867607492	0.004892686023227837	0.004870858426580734	0.00486641364035326	0.004820832878990929
749.0	0.004926830913258579	0.004894510891031691	0.00476170319725358	0.004755486352745372	0.004710944580365269
750.0	0.0048937362013586295	0.004867932589706198	0.004761759608026387	0.004755989936179582	0.004711443447040614
751.0	0.004840039363283097	0.004815675478564368	0.004715394001641932	0.004709762074351082	0.004665648573711977
752.0	0.004634604412186838	0.00459576263227632	0.004436346540383266	0.004429955333081051	0.004388462613412528
753.0	0.004695175112610329	0.004671576689654028	0.004574444778853256	0.004568983749750212	0.0045261888347666685
754.0	0.004978632542741085	0.004943402303524383	0.004798694115036606	0.0047922464790825965	0.004747360396769677
755.0	0.004849420360744627	0.004804631878035136	0.004620882323926543	0.004613928028225123	0.004570712147282411
756.0	0.00490461564849633	0.00486139243627769	0.004684031308316353	0.004677131406318615	0.004633323537455658
757.0	0.005050635810057154	0.0050000174543796926	0.004792413885751113	0.004784915440193159	0.004740098023291667
758.0	0.004800299631423909	0.0047598317044379775	0.004593745705667539	0.004587110717365759	0.004544146018001098
759.0	0.004822460287917399	0.004781846570894305	0.004615161508949638	0.004608498530792031	0.00456533350467913
760.0	0.004747167367147267	0.0047091667608778875	0.004553171524189115	0.0045467399405564185	0.004504153369909525
761.0	0.004807931343544442	0.004775458403142762	0.004642043401147174	0.004635916548398328	0.004592494714256145
762.0	0.004818294243144012	0.0047823241334897515	0.004634616146486561	0.004628255520842087	0.0045849054429223865
763.0	0.004901424493082407	0.004866458596857078	0.004722842097324543	0.004716476301301227	0.0046722999125424405
764.0	0.0047275213330799076	0.004701626437890554	0.004595105027929811	0.004589469042546399	0.004546482254179867
765.0	0.004689215181832786	0.004658510191806943	0.0045323376312930135	0.004526424240075433	0.004484027954345229
766.0	0.00461258613811767	0.004586818653420739	0.004480834932925571	0.004475303652105088	0.004433386182091276
767.0	0.0048061387384960245	0.004776435562182747	0.004654339679254174	0.004648392588869609	0.0046048538991827915
768.0	0.004615670474217143	0.0045891132651308284	0.004479901818617486	0.004474317122760365	0.004432408892971478
