Time in ps	350.0	440.0	520.0	600.0
0.3499	0.023151172712326584	-0.05051973383533623	0.00401219799701381	0.009413314691735288
0.3999	0.023171861312469292	-0.05053771975662276	0.004017864163191858	0.009452919268039948
0.4499	0.02319232795107776	-0.05055551254854618	0.004023469551407485	0.009492099127585652
0.4999	0.023212575008884673	-0.05057311428367633	0.004029014813474486	0.009530858824584236
0.5499	0.02323260484026811	-0.05059052701055267	0.0040345005940743755	0.00956920286408103
0.5999	0.02325241977436214	-0.050607752755749975	0.004039927530976302	0.00960713570281761
0.6499	0.023272022115327515	-0.050624793524113684	0.004045296255111153	0.009644661749749695
0.6999	0.023291414142619458	-0.05064165129899312	0.004050607390644888	0.009681785366559536
0.7499	0.023310598111252488	-0.0506583280424717	0.0040558615550510616	0.00971851086816277
0.7999	0.023329576252062566	-0.050674825695595234	0.004061059359182586	0.009754842523209871
0.8499	0.023348350771966273	-0.05069114617859723	0.00406620140734272	0.009790784554582209
0.8999	0.023366923854217306	-0.05070729139112222	0.004071288297355286	0.009826341139882788
0.9499	0.0233852976586602	-0.05072326321244646	0.00407632062063416	0.009861516411921732
0.9999	0.023421475272103965	-0.05075471090326282	0.004086229189654797	0.009930776283519785
1.0999	0.023456880294058693	-0.050785486363854264	0.004095926205796347	0.009998557820005895
1.1999	0.023491529212182158	-0.05081560394009768	0.0041054161837492794	0.010064892570113324
1.2999	0.023525438162273652	-0.05084507767171867	0.0041147035418573254	0.01012981140930272
1.3999	0.02355862293578295	-0.050873921298824974	0.004123792604173588	0.010193344554130214
1.4999	0.02359109898715893	-0.05090214826830055	0.00413268760247277	0.01025552157630894
1.5999	0.02362288144104143	-0.05092977174006323	0.004141392678220463	0.01031637141647043
1.6999	0.023653985099299623	-0.05095680459318875	0.004149911884500411	0.01037592239763235
1.7999	0.02368442444792016	-0.05098325943190408	0.00415824918790064	0.010434202238378841
1.8999	0.02371421366374833	-0.051009148591452974	0.004166408470359336	0.010491238065759542
1.9999	0.023771957965300402	-0.05105933103783194	0.004182224809313035	0.010601800156947335
2.1999	0.023827259255964697	-0.05110738782561619	0.004197372197086467	0.010707687605910739
2.3999	0.02388022080346325	-0.05115340880783689	0.004211878910697934	0.01080909801293138
2.5999	0.02393094151032186	-0.05119748003937699	0.004225772031877101	0.010906220625593722
2.7999	0.02397951609838983	-0.05123968393752151	0.004239077497590656	0.010999236691859201
2.9999	0.024025579003481345	-0.05127970303313114	0.004251695161624989	0.01108744601582559
3.1979	0.024072615751390428	-0.05132056542759909	0.00426457979515092	0.011177523403953976
3.4092	0.02412048507594018	-0.05136214796254306	0.004277692734935353	0.011269198825889731
3.6346	0.024168961529711805	-0.05140425432478508	0.004290972260051815	0.011362041067854918
3.8746	0.024217977863109173	-0.051446825575375124	0.004304399988628588	0.01145592193772607
4.1306	0.024267404185398963	-0.05148974830182063	0.004317940383918207	0.011550593346190963
4.4039	0.024316874526248675	-0.051532704043761285	0.004331493237359669	0.011645355052729067
4.6946	0.024366319262675518	-0.05157563164531321	0.00434503952882842	0.011740074498200132
5.0046	0.024415527935257777	-0.05161834759135578	0.004358521660061592	0.011834349427036778
5.3352	0.024464293573485542	-0.051660671341723384	0.004371882992791909	0.01192778432937759
5.6879	0.024512260754727285	-0.05170229349211979	0.004385026215961201	0.012019699286975244
6.0632	0.024559356724214162	-0.0517431498883731	0.00439793147283139	0.012109956062001642
6.4639	0.024605280454401503	-0.05178297824264451	0.004410516363225993	0.012197979064048127
6.8912	0.024649703658230306	-0.05182149267015613	0.0044226910133933935	0.01228314040273823
7.3459	0.024692532493784943	-0.05185861054740619	0.0044344298017659	0.012365261629978351
7.8312	0.02473349783651333	-0.051894097254210854	0.004445659070899031	0.012443828305557007
8.3486	0.024772422591589537	-0.051927797941545124	0.004456330386419025	0.012518502434719986
8.9006	0.024809065811213397	-0.05195950253617574	0.004466377803977745	0.012588823457854196
9.4886	0.0248432933248071	-0.05198909350705471	0.004475764645146243	0.012654535549537526
10.1152	0.02487499631147433	-0.052016475319126634	0.004484461177458146	0.01271543146007577
10.7832	0.024904105775672924	-0.05204158693746879	0.0044924485851536005	0.012771380318991037
11.4959	0.024930525607334098	-0.052064344160123975	0.004499700595328034	0.012822198884418858
12.2552	0.02495425984634508	-0.052084749439487044	0.004506218395607207	0.012867896107068582
13.0646	0.02497534546016763	-0.05210283378710783	0.004512012196901362	0.01290854404834406
13.9279	0.024993827979122106	-0.052118635968842496	0.004517094531550712	0.012944230805587969
14.8479	0.025009816001917005	-0.05213224926182514	0.004521495229351093	0.01297516557447238
15.8286	0.025023443768948706	-0.052143789284420025	0.004525251139034735	0.013001606580445624
16.8739	0.025034881094103536	-0.05215340233416139	0.004528408871087	0.013023880431785963
17.9886	0.025044311696022236	-0.05216124689829898	0.004531018836438651	0.013042340238421372
19.1772	0.02505193359770315	-0.05216749400149661	0.0045331353558858084	0.01305736637655522
20.4439	0.025057963445155852	-0.0521723303560983	0.004534817889166199	0.013069375449869884
21.7946	0.02506261311566811	-0.05217593870756507	0.004536124576262966	0.013078774727765157
23.2346	0.02506608993234546	-0.05217849783893553	0.004537112310109619	0.013085962765137472
24.7692	0.025068592940871604	-0.05218017887573614	0.004537835751980034	0.01309132280118734
26.4052	0.025070303380132754	-0.05218113729822193	0.004538344698862766	0.013095204176364145
28.1499	0.025071380878461048	-0.05218151020874461	0.004538682997702332	0.013097914391292292
30.0092	0.025071964891025023	-0.05218141627665029	0.00453888903902468	0.013099723356825143
31.9919	0.02507217068239316	-0.052180953609289656	0.004538994552179324	0.013100854137308026
34.1052	0.02507209158834847	-0.052180200748314684	0.004539025299117431	0.013101488394478673
36.3579	0.02507179991616395	-0.0521792176049157	0.004539001309269649	0.013101767935659397
38.7599	0.02507134966786377	-0.0521780483152235	0.004538937588011217	0.013101799366611017
41.3206	0.0250707794856361	-0.052176723499505084	0.004538844946441137	0.013101660076187112
44.0499	0.025070115194885802	-0.052175261958784566	0.004538730737264391	0.013101403695110885
46.9599	0.0250693733039248	-0.05217367463090048	0.004538599743294856	0.013101065746309313
50.0619	0.025068562940564806	-0.052171965425480554	0.004538454772860494	0.013100668326794695
53.3692	0.025067688540630892	-0.052170134322358334	0.004538297337820182	0.013100224380212432
56.8946	0.025066750794148884	-0.05216817734488844	0.004538127977766819	0.013099740483502577
60.6532	0.025065748448512157	-0.05216608888801815	0.004537946695616845	0.013099219425365566
64.6599	0.025064678674047994	-0.052163861490068235	0.004537753099562578	0.013098661533171706
68.9312	0.02506353773429754	-0.052161486598290716	0.004537546572640102	0.013098065746103477
73.4846	0.025062321149110948	-0.052158954528872474	0.004537326331324208	0.013097430136147075
78.3392	0.02506102432152973	-0.05215625555897882	0.004537091555308026	0.013096752479868494
83.5139	0.025059641677343772	-0.052153378024976924	0.004536841240234378	0.013096029936286587
89.0312	0.025058167862485634	-0.05215031076077569	0.004536574418583608	0.013095259734230268
94.9126	0.025056596760727898	-0.05214704102945075	0.004536289983677241	0.013094438686597442
101.1826	0.02505492202842409	-0.05214355562628151	0.004535986787242968	0.013093563481119634
107.8666	0.025053136847359703	-0.05213984036068708	0.004535663594954233	0.013092630555458552
114.9919	0.025051233700783618	-0.05213587958884503	0.004535319045979424	0.013091635981613442
122.5886	0.025049205125804733	-0.052131657779166736	0.004534951789226976	0.013090575859567589
130.6866	0.02504704281212339	-0.052127157636495995	0.004534560320186415	0.013089445846414431
139.3192	0.025044737577782805	-0.05212236005161688	0.004534142976540385	0.013088241143716014
148.5232	0.02504228044688758	-0.052117246344163676	0.004533698133277147	0.0130869570607194
158.3346	0.025039661322925077	-0.0521117955015757	0.004533223962506446	0.013085588321043047
168.7939	0.02503686936550806	-0.052105984963162745	0.004532718501665667	0.013084129259560635
179.9446	0.025033893492176103	-0.05209979166443901	0.004532179744366842	0.013082574084639724
191.8312	0.025030721202866348	-0.05209318959064695	0.004531605427576788	0.01308091626381669
204.5039	0.02502733993320561	-0.052086152593188266	0.004530993276619471	0.013079149231019714
218.0132	0.025023735729299446	-0.05207865163163445	0.004530340765257498	0.01307726569402084
232.4152	0.025019894175633602	-0.05207065670484767	0.0045296452836810245	0.01307525811935215
247.7679	0.02501579922098196	-0.05206213440749539	0.004528903925948075	0.01307311811873179
264.1359	0.025011434631938077	-0.0520530509550968	0.00452811375313443	0.013070837208671453
281.5846	0.025006782569366018	-0.052043369221374876	0.004527271535611808	0.013068406066537515
300.1859	0.025001824166861652	-0.05203304994213263	0.004526373857773489	0.013065814832851665
320.0159	0.02499653928400316	-0.05202205120172559	0.0045254170733623825	0.013063052982341021
341.1559	0.024990906460211616	-0.05201032833703762	0.0045243972971178445	0.013060109299825885
363.6926	0.024984902969050968	-0.05199783405048857	0.004523310414606249	0.01305697190859666
387.7179	0.024978504398323862	-0.05198451753614228	0.004522152006200806	0.013053628050974224
413.3306	0.024971684955563563	-0.051970325115487055	0.00452091740238835	0.013050064247958309
440.6352	0.024964417149538343	-0.05195519957459228	0.004519601626108333	0.01304626613278348
469.7432	0.024956671423079845	-0.051939079399961695	0.00451819932627944	0.013042218259037256
500.7746	0.02494841683530781	-0.05192190019835914	0.004516704901310739	0.013037904457186994
533.8552	0.02493961974817707	-0.05190359196328941	0.004515112261311857	0.013033307148176597
569.1219	0.024930245034878607	-0.05188408158988638	0.004513415046864019	0.013028407974930224
606.7179	0.024920254969089537	-0.05186329056325333	0.004511606427927925	0.013023187221880493
646.7972	0.02490960923911785	-0.0518411349879005	0.004509679106404537	0.01301762382236043
689.5246	0.024898265237540337	-0.05181752619053088	0.004507625368571637	0.013011695509966654
735.0746	0.02488617763005968	-0.051792369822758505	0.004505437007028963	0.013005378593246486
783.6332	0.024873297877769453	-0.0517655648668606	0.004503105234208229	0.012998647706036258
835.3999	0.02485957470791826	-0.05173700461551792	0.0045006207676010854	0.012991476053480078
890.5859	0.02484495319430163	-0.05170657475795368	0.004497973663271669	0.012983834931447702
949.4179	0.024829375333617967	-0.0516741545794285	0.004495153420201084	0.012975694027734986
1012.1359	0.024812779084510697	-0.05163961496132354	0.004492148806313919	0.012967020919872606
1078.9972	0.024795098529997728	-0.05160281871918386	0.004488947887884754	0.012957781160010813
1150.2759	0.024776263994044315	-0.05156362084532631	0.004485538050642723	0.01294793833583976
1226.2626	0.02475620089965569	-0.0515218661323362	0.004481905793038614	0.01293745347383504
1307.2692	0.02473483039429061	-0.05147739047465904	0.0044780368394708135	0.012926285366095336
1393.6266	0.02471206829783572	-0.05143001867915641	0.004473915949824765	0.012914390020559658
1485.6892	0.024687825594193635	-0.05137956548818434	0.00446952700847093	0.01290172091790854
1583.8332	0.024662007522239536	-0.05132583368771923	0.0044648528596899755	0.012888228536503
1688.4606	0.024662007522239536	-0.05132583368771923	0.0044648528596899755	0.012888228536503
