Time in ps	0.475 ps (0.45 - 0.5 ps)	1.5 ps (1.4003 - 1.6 ps)	19.8 ps (19.1769 - 20.4 ps)	101 ps (94.9123 - 108 ps)	502 ps (469.744 - 534 ps)
335.0	0.030422738719447295	0.02976056823568588	0.025402218352352447	0.015067800984367944	0.003509485643830949
336.0	0.03032287636604357	0.029330037436291943	0.024170629816288	0.01356509024037698	0.00195670447628406
337.0	0.027810131905363543	0.02655556823811675	0.02127332814787978	0.012233916447369297	0.0022513937105807375
338.0	0.02745314997534641	0.0256154294653534	0.019247030570607882	0.010851516332004586	0.0016496677820724505
339.0	0.02912751495673126	0.02664622995452416	0.019104134613629288	0.011481539704464961	0.0029122161099321238
340.0	0.025094353714540295	0.022966525802740785	0.01645738642871705	0.009777294223011643	0.0023052629015586977
341.0	0.025670813275397854	0.022846360312870614	0.014934013443645618	0.00864924714875608	0.0016944906681169805
342.0	0.02563193025593106	0.022395067224456916	0.01378934109365324	0.008213916696230788	0.001973993751235403
343.0	0.025572853059436153	0.02175647046584256	0.012143822016249375	0.007453463535850699	0.002134511128637678
344.0	0.023045845508290242	0.019360935657377905	0.010265797588351918	0.006394737057791446	0.001973855610882095
345.0	0.024134657913278436	0.01986828476784292	0.009643942591877664	0.006240162220139225	0.0022733602724591584
346.0	0.023459432168045937	0.018682674354197685	0.00756066600585935	0.0049061273458096185	0.0018108016357452684
347.0	0.02392750461098505	0.01886189124095975	0.007341373351467336	0.005476935008372402	0.003037024337354425
348.0	0.020305213491167404	0.015603185634790878	0.004995449688635545	0.0035809091543868095	0.001808254219438688
349.0	0.020110428352884922	0.014962664151293405	0.0035505413394304776	0.0027158354362588695	0.0015954856781121808
350.0	0.019790502602613388	0.01427850230929756	0.0022412631883275596	0.001992597920558313	0.0015112309464084409
351.0	0.019603553253521342	0.013954863174350168	0.0017586554406651533	0.0019900372398693935	0.0019532482581504644
352.0	0.017215551540481183	0.011992129873621481	0.0008183413197701383	0.0014000088044841027	0.0017645454548330971
353.0	0.01954497354766302	0.013451312061460973	0.0005840901168262418	0.0018454681321947376	0.0027814387614853043
354.0	0.015089476983440016	0.009868067546922446	-0.0011599924733961694	-6.960269765999915e-05	0.000960770324786419
355.0	0.013680556423516	0.008549669438622644	-0.0021453514383415265	-0.0005744312960425095	0.0009671981122759962
356.0	0.014803641539117866	0.0086462913309431	-0.0040100372552794705	-0.0014951576682178283	0.0010443120951836487
357.0	0.014155364891846744	0.008639006744787719	-0.00266503683783993	-0.0003028973031212183	0.0019352156705068966
358.0	0.015529739408802335	0.008638290053903635	-0.005298186598523741	-0.0016871159591903741	0.0018933361147981448
359.0	0.01331071855782866	0.006771810601851402	-0.006391148802877654	-0.0027409747405177116	0.0010149085267962697
360.0	0.0066551848512069285	0.0021010281693507717	-0.007020266365021569	-0.004289666626122942	-0.0011830550113636077
361.0	0.00929780748500567	0.0043383935537102975	-0.005620703706467591	-0.00275987616306392	0.00026472745185461435
362.0	0.00844829992088569	0.0037633985635717937	-0.005704794046484931	-0.0032055196741068363	-0.000456660304552664
363.0	0.0082550376023104	0.004379702749295007	-0.0033526095318193753	-0.0009574138178788225	0.0013942694826968452
364.0	0.0070159302350588535	0.003661929990335486	-0.00292757579833644	-0.0005012391542317958	0.0018172989072829373
365.0	0.008359269080518759	0.004479435717896063	-0.0034470733954339397	-0.0016854118141682124	0.00017725727011585216
366.0	0.007401984258589433	0.003987118892611096	-0.0030745787201512586	-0.0018164714617477646	-0.00040315588647227697
367.0	0.009214361402140747	0.006089436235178176	-0.00036278973165045824	0.0007949029034550691	0.0017674011879826304
368.0	0.008736699037039854	0.006062381926538167	0.000299676527513547	0.00045470150468209067	0.0005441601819484259
369.0	0.00988828402359666	0.007099498549619103	0.000735229945904281	-0.00032908116090075035	-0.001262642088679958
370.0	0.013012612884109704	0.010544241456294397	0.004848877296662276	0.0036450841844193668	0.0020532863311041568
371.0	0.011314119947922323	0.009296636699999434	0.004469962223952453	0.002889667046950524	0.001049060843894029
372.0	0.010624044505429408	0.008936174004117257	0.004603593839921802	0.0022584517835744083	-0.00020628485412892898
373.0	0.013207872977165849	0.011479002864925043	0.006905153852317838	0.00401028172987777	0.0008043560644379209
374.0	0.012603672608876135	0.011350182475424323	0.007654823590742379	0.004221391650629681	0.0004882166962898261
375.0	0.01617209796382068	0.015010542493574473	0.011552536545178935	0.00820474397109595	0.004020842547020127
376.0	0.02020710969274468	0.019160669672075883	0.01599005742044233	0.012720751544641435	0.008008622036245697
377.0	0.013684556435340346	0.013011964013748406	0.010466312432194017	0.006615677014907234	0.002176901532633275
378.0	0.012659088435814847	0.012329980763537297	0.010408467664972599	0.006138942646888122	0.001375368551515193
379.0	0.013296276196830062	0.01351082338821231	0.012539884043352373	0.0074539684279721465	0.0017592712392027155
380.0	0.0	0.0	0.0	0.0	0.0
381.0	0.0	0.0	0.0	0.0	0.0
382.0	0.0	0.0	0.0	0.0	0.0
383.0	0.0	0.0	0.0	0.0	0.0
384.0	0.0	0.0	0.0	0.0	0.0
385.0	0.0	0.0	0.0	0.0	0.0
386.0	0.0	0.0	0.0	0.0	0.0
387.0	0.0	0.0	0.0	0.0	0.0
388.0	0.0	0.0	0.0	0.0	0.0
389.0	0.0	0.0	0.0	0.0	0.0
390.0	0.0	0.0	0.0	0.0	0.0
391.0	0.0	0.0	0.0	0.0	0.0
392.0	0.0	0.0	0.0	0.0	0.0
393.0	0.0	0.0	0.0	0.0	0.0
394.0	0.0	0.0	0.0	0.0	0.0
395.0	0.0	0.0	0.0	0.0	0.0
396.0	0.0	0.0	0.0	0.0	0.0
397.0	0.0	0.0	0.0	0.0	0.0
398.0	0.0	0.0	0.0	0.0	0.0
399.0	0.0	0.0	0.0	0.0	0.0
400.0	0.0	0.0	0.0	0.0	0.0
401.0	0.0	0.0	0.0	0.0	0.0
402.0	0.0	0.0	0.0	0.0	0.0
403.0	0.0	0.0	0.0	0.0	0.0
404.0	0.0	0.0	0.0	0.0	0.0
405.0	-0.020888919378013255	-0.021301777271408355	-0.019788384820246262	-0.011271993360262852	-0.0018969258102705532
406.0	-0.023487102455927913	-0.023961092831661583	-0.022362884243472294	-0.013068704474969274	-0.0027353423617899044
407.0	-0.023409900631731272	-0.02392879825148255	-0.02227376322551085	-0.012449419832869324	-0.0017080529673993833
408.0	-0.026405865310580704	-0.026864315242514977	-0.02503954400026917	-0.015051726756210002	-0.0038132981337526775
409.0	-0.027352684308378877	-0.027712150901528967	-0.025501226550695654	-0.014919259864322586	-0.003149276819638837
410.0	-0.027010285135291162	-0.02740577031174215	-0.02524343172035888	-0.014562355003807505	-0.0027480958878765907
411.0	-0.029492196433662687	-0.02994778998727327	-0.027591161662581253	-0.015765815908132096	-0.002733266659330649
412.0	-0.03070437777984701	-0.031112821631840037	-0.02852023798950565	-0.01622489363762706	-0.002696803990570218
413.0	-0.030352649517085512	-0.030623100891779876	-0.02790658228197581	-0.016223048453232268	-0.003261287100989029
414.0	-0.030742808517364422	-0.03088189605842352	-0.027936358513287386	-0.016446246513001944	-0.0036339858773771806
415.0	-0.030914542461861157	-0.031047449922556314	-0.027905613104975475	-0.015786581677642013	-0.002480491501200193
416.0	-0.03201339908266327	-0.032031063494269596	-0.028629994053502906	-0.01647209992000897	-0.0030391986693571044
417.0	-0.03227751057074089	-0.032306516893544135	-0.028921859448683168	-0.016732377366302703	-0.0032356279865876428
418.0	-0.03357545882019239	-0.03361827438457751	-0.030121273146158905	-0.017428482701908474	-0.0033737223916261287
419.0	-0.033825568704286296	-0.03367669564516013	-0.02979565561155762	-0.01721774222388838	-0.003297703722431323
420.0	-0.03303112046307321	-0.032744020599275565	-0.028731877884956385	-0.016747940375257182	-0.0034399661419983523
421.0	-0.03479361719549145	-0.03453250222310431	-0.030359089901250084	-0.01760766737481165	-0.003475609170844861
422.0	-0.03609401271634696	-0.03571186404068331	-0.031172959926757195	-0.018059311690053672	-0.0035325411547410803
423.0	-0.03620366206306626	-0.03584849670660399	-0.031361114014551474	-0.0182209551867768	-0.0036481091288427525
424.0	-0.036619709252010524	-0.0362575614774568	-0.031765227121948986	-0.01865565703626887	-0.004053308610365384
425.0	-0.036500449075818085	-0.035963665159507614	-0.031109237786703308	-0.018066337382655572	-0.003604433375073341
426.0	-0.03619545834938317	-0.03561166049652749	-0.030743340620714613	-0.018008141837614625	-0.003838625015654059
427.0	-0.03684545896714233	-0.03614151464903601	-0.03095277966866209	-0.01801064905176958	-0.0036497432622722755
428.0	-0.0375396495590486	-0.0367214653304966	-0.0312570246063543	-0.01821659025534099	-0.0037376779549518502
429.0	-0.037507203567944354	-0.03662192062829636	-0.03102859509934689	-0.01804874067502927	-0.0036483317895071934
430.0	-0.03819674435930912	-0.03730098965060812	-0.03162116843308914	-0.018415267085219417	-0.0037571180014339986
431.0	-0.03787176313116071	-0.036910177563048464	-0.031188297461805993	-0.018334569975734218	-0.00401297016400624
432.0	-0.038224281713814826	-0.03734975953857092	-0.031718158068903365	-0.018518394439074583	-0.0038521552607501995
433.0	-0.03818785147938228	-0.03715422753929384	-0.031184536728050254	-0.01801655541140714	-0.003446829125064152
434.0	-0.038385074705228776	-0.037265931242922275	-0.031200366131406632	-0.01834147199439365	-0.004014563881372271
435.0	-0.03855361778403723	-0.03730997915341133	-0.030954839812157634	-0.01803276982668353	-0.0036887987108466047
436.0	-0.03785606718482123	-0.03659089482709442	-0.03026778547436448	-0.017624620427081544	-0.0035928810602416945
437.0	-0.03788271732279665	-0.0366656549793702	-0.030417830869949442	-0.017672456427426462	-0.003539724318527621
438.0	-0.03848289286056445	-0.037181931996809095	-0.030723982843452666	-0.017879174455469174	-0.003627212874473482
439.0	-0.038069245829448005	-0.03680228930953246	-0.03044562935436885	-0.01769834685786852	-0.0035605301408342203
440.0	-0.03788219356733182	-0.03670959002011122	-0.03061802209651757	-0.018075778193329596	-0.004077140288121573
441.0	-0.03651888867336195	-0.03523498600230901	-0.02899580393314985	-0.016795765733979375	-0.0032840518052887602
442.0	-0.0372821121069465	-0.03594193124046405	-0.02958957111643318	-0.017414012468568364	-0.0038428609688723405
443.0	-0.03579175834722658	-0.03444295117606934	-0.028258069566125928	-0.01673828829146124	-0.003863413538702689
444.0	-0.03579503370595412	-0.03425265722596104	-0.027656010358367268	-0.016172875368025436	-0.00340754975644778
445.0	-0.03455396188795749	-0.03314182479717258	-0.026971917473539078	-0.01599149215908694	-0.0037148240617578317
446.0	-0.034978055443149865	-0.03365763217431539	-0.02757160687123122	-0.016187590448609047	-0.0035114181016595762
447.0	-0.03343735764298965	-0.03209868485326481	-0.02612871771711834	-0.015296723418849856	-0.003249517442740385
448.0	-0.03341026521479746	-0.03214587307535092	-0.026336353240331022	-0.01549894140808666	-0.0034196530913065994
449.0	-0.03323796173634924	-0.031890011981774255	-0.025935704799173558	-0.0152291080186715	-0.003306871720693821
450.0	-0.03240623873414153	-0.031013433210686926	-0.02505915327663182	-0.014697785927301315	-0.0031655482871749446
451.0	-0.03254218976229433	-0.031244703761256497	-0.025419319397831215	-0.014785003596198464	-0.002988537232003664
452.0	-0.03241174836039139	-0.031096343899970534	-0.025284841157063996	-0.014833729054549025	-0.003200236647024096
453.0	-0.03129812114391973	-0.029995588036871152	-0.024312994553979696	-0.014220216523291185	-0.002999628238680787
454.0	-0.031177983436896428	-0.030032023835365608	-0.02469489693293894	-0.014616328749694645	-0.0033558221026055313
455.0	-0.030088801827904667	-0.02887034845733211	-0.02353556921747545	-0.014019968437384919	-0.0033595201594095454
456.0	-0.02908778313275148	-0.027837965783272453	-0.022493804012763432	-0.013192081583409065	-0.0028395739947418815
457.0	-0.029092660473593185	-0.02790223027111842	-0.02266245302665269	-0.013274156308404601	-0.0028305331796581656
458.0	-0.028089023373797154	-0.026911558540690612	-0.021826090982415506	-0.012881298834721867	-0.002899995225924548
459.0	-0.028192250238118437	-0.027060465219092077	-0.02203076439675007	-0.012934147509270078	-0.0028053110357416236
460.0	-0.027806720612207615	-0.026628711651559996	-0.021525100895439776	-0.012525341118096226	-0.002540543998315156
461.0	-0.026441079923817546	-0.025343403206979802	-0.020551334433834015	-0.012034164220060841	-0.0025607373192067214
462.0	-0.026511162559859185	-0.025448896982476283	-0.02076979110913353	-0.0123741967140917	-0.0029678882165663925
463.0	-0.025365561551864906	-0.024406002999253076	-0.020007727568737893	-0.011819430911385527	-0.0026783299189992184
464.0	-0.02561644979576934	-0.024693131115855506	-0.020358492912310424	-0.012114358590009852	-0.002882316812418082
465.0	-0.024117505417719513	-0.02308148772300769	-0.018679447047597487	-0.011064626318099628	-0.002554380060040576
466.0	-0.024045846831986673	-0.02311979766538028	-0.018967743186168392	-0.011387966100917978	-0.002866858109143401
467.0	-0.022373733025597673	-0.02140340712008103	-0.017313401601764207	-0.010296713917725181	-0.0024415166942003534
468.0	-0.022075174039330195	-0.02118725276721661	-0.017301397712757162	-0.010371432684830793	-0.0025862899793629244
469.0	-0.021824569257977475	-0.020837974609563326	-0.01680562389651833	-0.010114642464855998	-0.0025848784127630708
470.0	-0.020728573105672537	-0.01975007454912919	-0.01586635778028415	-0.0096369043137873	-0.0025974251809827813
471.0	-0.02021953358991446	-0.019200920988875672	-0.015232051934658796	-0.00901655767383675	-0.0020725766781936376
472.0	-0.01940787938179834	-0.01826318523850376	-0.014207785090457588	-0.008648417040955078	-0.0023604226196076153
473.0	-0.019087953677358858	-0.018080342502397886	-0.014319038290302207	-0.008745839817363045	-0.002431764596255917
474.0	-0.018254709776628755	-0.0171680967723082	-0.013306922785475624	-0.007991946755511448	-0.0020170950243002753
475.0	-0.01770554636361281	-0.01669709720734773	-0.013072018044567497	-0.007987893248746275	-0.0022268576335159967
476.0	-0.017396731461524203	-0.016310599795234554	-0.012557204376197678	-0.007617948736509787	-0.00204025900892759
477.0	-0.016432148040788363	-0.015325871568441332	-0.011672428065670051	-0.0072376429832902624	-0.0021770605624840686
478.0	-0.015719821360103543	-0.014608144423399295	-0.011017626462997426	-0.006847114105078009	-0.00208285020798488
479.0	-0.01478905141851217	-0.01356151285955518	-0.009838364681780105	-0.006090719683163841	-0.0018183503404231214
480.0	-0.013817615761353158	-0.012615595673512735	-0.009066048908266067	-0.005733747203783037	-0.0018928538257130308
481.0	-0.01355581980778841	-0.012309341681375796	-0.008681811496524907	-0.005417782285001451	-0.0016821458801768402
482.0	-0.012808828875725015	-0.01154200972447931	-0.007978606225458826	-0.005095193072797324	-0.001754460723728956
483.0	-0.013027515690946253	-0.01170728023546982	-0.00805994954385765	-0.0052860577080416325	-0.002021350964043503
484.0	-0.011978260637170508	-0.010605769309456562	-0.006943542148899547	-0.004521541400782909	-0.001684020877305479
485.0	-0.010878318310822437	-0.009517322309596897	-0.005981729350702213	-0.003920405412846839	-0.0014963129461271333
486.0	-0.010675713272502356	-0.009278629867013884	-0.0057289074731893125	-0.003891530513417429	-0.0016784511470645884
487.0	-0.009689162564875712	-0.008322861355099022	-0.004926310044337956	-0.0033949777405954326	-0.0015308533545821624
488.0	-0.009084102249152144	-0.00771108859657506	-0.004356761203941951	-0.0030273122888192297	-0.0013987776625561223
489.0	-0.008376886833840452	-0.006966661943580756	-0.003617012579726338	-0.002590118490942944	-0.0012995855077526687
490.0	-0.007473678121261548	-0.00610984611326402	-0.0029393060924461606	-0.0021896273033256866	-0.0012085783922748772
491.0	-0.007174276707738966	-0.005739323492748034	-0.0024852968459012532	-0.0019850191960380245	-0.0012619754015678153
492.0	-0.0067220277057377835	-0.005314059782646428	-0.002178877573748069	-0.0018893087645335774	-0.0013737692790056978
493.0	-0.00609814704074658	-0.004609834815570253	-0.0013660170559649733	-0.0013122938580916424	-0.0010917685940064269
494.0	-0.005851464311544912	-0.004287474794016212	-0.0009622761131382552	-0.0011986843259212687	-0.0012617381745745088
495.0	-0.004946283412761992	-0.003492468772523174	-0.00045069302566539906	-0.0008446800091698338	-0.0011002511363203868
496.0	-0.004341008976433632	-0.00288520532273635	0.00012011946672641311	-0.00042059827325286326	-0.0008682497055453476
497.0	-0.004106045051857752	-0.0025359407986778938	0.0006284084237289641	-0.00022511951160854272	-0.0009883027998245834
498.0	-0.003590578469404279	-0.002009457431016956	0.0011090545490907335	1.0042642862123718e-05	-0.0010114388250299768
499.0	-0.0029008525546358956	-0.0013321412564219234	0.0017259937192285564	0.000505017251040849	-0.0006950348106193795
500.0	-0.0024980506747501944	-0.0009809713619927407	0.001938354147359131	0.0006232381594568496	-0.0006794588517938979
501.0	-0.0022417363009806877	-0.0006878038779080413	0.002255694067577025	0.0007447379193766031	-0.000755300492442913
502.0	-0.0016324862753767956	-0.00015565360265079763	0.0025962823103934194	0.0009985647859395161	-0.0006152657843365925
503.0	-0.0012211603567011005	0.0003608572093264671	0.0032663827699680363	0.0014034587327879124	-0.0005097092298576584
504.0	-0.0006526569074293968	0.0009885813500236445	0.0039587764204047915	0.0018679566016352735	-0.0003178603323943246
505.0	-0.0001684371627898049	0.0013435288171975736	0.004040904144457458	0.0019765672147180895	-0.00019888588990746954
506.0	-0.00011203674002340881	0.0015939051883306996	0.004585051063332002	0.002075668325414937	-0.0005249753041803342
507.0	0.0001532096817026043	0.001743110104358876	0.004499553650849129	0.0020508193418717503	-0.0004901529716156627
508.0	0.0001934667304439364	0.0017811118503429579	0.0045083819526560995	0.001976019657720574	-0.0006323316902097074
509.0	0.0013622195447168667	0.0030837324309403017	0.005989852338205719	0.0030556766238835084	-6.813112529861555e-05
510.0	0.0013649370939948057	0.0030209428579816766	0.005790598068424475	0.00287869577420973	-0.0002008204224135783
511.0	0.0019728616736386186	0.003720697067281741	0.006602470646062514	0.0033808779087223535	-5.2014379847994496e-05
512.0	0.0025140416322412523	0.004274154526990116	0.007139372736737804	0.0037629963507806188	0.00013613205891364332
513.0	0.002614096762985189	0.004418783840023182	0.00735154763002792	0.003872055649690332	0.00013522808601077314
514.0	0.002785963531893081	0.004626419926932745	0.007547073494554796	0.0037563689347340392	-0.0002529425552507713
515.0	0.00282602860613721	0.004636517904809604	0.00751833823968525	0.0038183057403612408	-0.00011532339756428024
516.0	0.0030903255294639524	0.0049914415588234624	0.008003946413359862	0.004070779501590504	-0.00011222576575785882
517.0	0.0038056329234804464	0.005714045608593816	0.008703140563901876	0.0046269994677935605	0.00023780331242849456
518.0	0.0036362597623769972	0.005530827186915738	0.008482540537325745	0.0043837379071258	5.9685864337406585e-06
519.0	0.004377269711274437	0.006299970455193531	0.009226014810461836	0.004820233943954637	0.00010048772428373432
520.0	0.0044817351974620456	0.006394993893372402	0.009305149246450194	0.004914371358281719	0.00019600360775212932
521.0	0.004958915795679644	0.006989876617137157	0.010071240583399463	0.005381246747460997	0.0003238201089181156
522.0	0.00518003736650626	0.007283423379958156	0.010474526298339226	0.005616290558696486	0.0003718566715810948
523.0	0.00540197695013465	0.007480809690993365	0.010596791020065437	0.0056621952286295425	0.00034110695983209123
524.0	0.0057287481170028125	0.007951710018657267	0.011266809181263658	0.005932602422561755	0.00020568024303221392
525.0	0.006276417266654866	0.00838613389961619	0.011473359201251178	0.00619910394795084	0.0004924590366165864
526.0	0.006014556735344333	0.0081800984317109	0.011360498587359729	0.005990895457231462	0.00022363158721021656
527.0	0.006807280718683728	0.00897343717891945	0.012091128018650045	0.006492908627075298	0.0004474849048716738
528.0	0.006893417477299267	0.00900657347742281	0.01200907257421968	0.0064115301078474796	0.00037768398550213527
529.0	0.007397967969600141	0.009559162729311151	0.012643335604179363	0.006960636538340351	0.0007749095286104893
530.0	0.007534237808009514	0.00977882900598754	0.01295403434994051	0.006957771826013624	0.00048226734081436966
531.0	0.007555348483717375	0.00971302027135569	0.012765995409083367	0.0070008931902875784	0.0007336230969300322
532.0	0.007259115772774298	0.009436540699579634	0.012533670437471271	0.006775489755223815	0.0005445448300077067
533.0	0.007938635678777718	0.01008111053039313	0.013057531680973275	0.007139302775138233	0.000712067900269827
534.0	0.008108135113781343	0.010193094553260637	0.013063085850402171	0.007208439058732257	0.0008309466712057127
535.0	0.008287346344718009	0.010427285944259127	0.013345168374703465	0.007241214227691594	0.0006286928235280286
536.0	0.008724635424220204	0.010837117342363695	0.013654220724119346	0.007405220685957978	0.0006368331940660019
537.0	0.008813336581854982	0.010882968346727927	0.013646211798133608	0.007532230585472309	0.0008719115651728041
538.0	0.009093243298182691	0.011207674334476475	0.0139997774339704	0.007646287057135784	0.0007492159740781555
539.0	0.00944761688380843	0.01144788993206729	0.014024853750828606	0.007784002648202136	0.0009730571711073289
540.0	0.00887960889077032	0.010882802246724325	0.013471756005421706	0.007256574970881453	0.0005394949537984271
541.0	0.009948415739437364	0.011955405985482767	0.014517448951145805	0.008169495443311227	0.0012082339705884774
542.0	0.00976294298818336	0.011685234937340043	0.014076248194629083	0.007777793947156312	0.000914599803912802
543.0	0.010069261180426918	0.012003585194721975	0.014373552924795746	0.00790940184562171	0.0008754568132356016
544.0	0.010135533386407176	0.01198588922029876	0.014194810246497951	0.00780609186787681	0.0008558438835250967
545.0	0.010256660207139843	0.012108382679449838	0.014339792466999917	0.008016607108464427	0.0010989608875503177
546.0	0.010229660726840915	0.012062243905495892	0.014247995042640484	0.00791178133493826	0.0009960741181956538
547.0	0.010457875934927092	0.01220265139967156	0.014203237708046901	0.007886652310886554	0.0009926527936202443
548.0	0.010329986576531289	0.012063671867707324	0.014070628897369295	0.007860347584559554	0.0010681730760860849
549.0	0.010995950387164695	0.012684719002281441	0.0145725250202343	0.008282292166003995	0.0013601878263551099
550.0	0.011498032276304014	0.013130500356426399	0.014847533439804316	0.00838736198365021	0.0012942812057473805
551.0	0.01096733586489955	0.012602734579958096	0.014348897514123136	0.007972682106386703	0.0010123712730565888
552.0	0.01083881530788232	0.01251584605314895	0.014329055459437525	0.00787261373794002	0.0008513217152414359
553.0	0.011668449599347167	0.013227647031397694	0.014780741865038922	0.008304838282601316	0.0012083636698154965
554.0	0.011455883069149079	0.012966571613354651	0.014428011684670441	0.008003258426611473	0.0009943049226355416
555.0	0.01209450977930427	0.01356132411381504	0.014893329751983608	0.008345861578657198	0.0011779827369978854
556.0	0.012035596856987468	0.013518574962018295	0.014857019836534601	0.008211311967779498	0.0009704426506974347
557.0	0.01197172490417822	0.013378810143997994	0.014639824315024598	0.008297347135455282	0.0013256223962992415
558.0	0.012061971611572008	0.013403397238620642	0.014504786582744936	0.008105305308191816	0.0011065669843671963
559.0	0.012451273499834383	0.013744619910926334	0.014727596470861939	0.00827748867895298	0.0012091576086306203
560.0	0.012307119995725662	0.013548570757874155	0.01445252767736028	0.008121483229147847	0.0011841231017221962
561.0	0.012423773479212627	0.013640372469668066	0.014481748958361003	0.008120778488073743	0.0011559004129406624
562.0	0.012512742344403917	0.013673198496721894	0.014436442986341858	0.008226741335699145	0.001387789594163461
563.0	0.012731037980570703	0.013867292447754647	0.01453169612937912	0.008161694816947979	0.001183222389250328
564.0	0.01224922014850506	0.013336697409843256	0.013965618355035304	0.007844464492838309	0.0011384063746170707
565.0	0.01299643733654626	0.014002273201871206	0.014426322197148565	0.008205197023284625	0.0013589266948153414
566.0	0.012738783334277718	0.01369990862858765	0.014043756292542897	0.007885140438994657	0.0011393425680139764
567.0	0.012458631246142339	0.013377906233700198	0.013704675422467073	0.007803903472232437	0.0013074404137296916
568.0	0.013109343128121224	0.013940940712090816	0.013998974375533987	0.007825469572928564	0.0010741568968393813
569.0	0.012794380527215892	0.013595054824218439	0.013680646201730378	0.007836674558326413	0.0013886686216851261
570.0	0.012574757444855159	0.013357322013378713	0.013437763907309936	0.007714163338788998	0.0013938006551576087
571.0	0.012897671820295869	0.013581485913061684	0.013432719819893755	0.007658534443965126	0.0012990357304456667
572.0	0.012801035735622959	0.013459659728874095	0.013237914051853504	0.007403075546231116	0.0010215225047031933
573.0	0.013212086685493472	0.013787884177632917	0.013429741770991363	0.007742442110023326	0.0014523946653811812
574.0	0.01346012128212811	0.014051355833875276	0.013651336148734523	0.00770206417908407	0.0011751011722737471
575.0	0.013017183396947067	0.01357953047229734	0.013209267996783708	0.007583277982369204	0.0013711219509617693
576.0	0.013125743276026999	0.013571756305602464	0.01290505910149389	0.007131953207386996	0.0008440598405392255
577.0	0.01298453835529495	0.013420479201307681	0.012805756560575777	0.007287891115944169	0.0012153084049465136
578.0	0.0126141068719213	0.012999179506668769	0.012333220933324231	0.007024569743191272	0.0011805888735701786
579.0	0.012832200351816498	0.01315918249567273	0.012380631540103089	0.007118183429594454	0.0013046210750285862
580.0	0.013470169920694065	0.013745800021491849	0.012773747197179514	0.007224834537042334	0.0011323212565376235
581.0	0.01332147436704134	0.013536765650569937	0.012527699654917455	0.007305168404624494	0.0015039271958789146
582.0	0.012608478012365518	0.012860131733080048	0.011934094765790845	0.006732189258297884	0.0010261240990052864
583.0	0.012121448290824899	0.01234853969369188	0.011415629741869725	0.006379499626889931	0.0008736874331550836
584.0	0.013877176344911738	0.013994992058069304	0.012757886003740115	0.007476606622608713	0.00159848303314213
585.0	0.013036224952629388	0.013102134991050826	0.011839264819570145	0.006867632985679623	0.001356948471598843
586.0	0.012881068205190275	0.012931822315323919	0.011586383825279916	0.006446765286493971	0.0008367454219843865
587.0	0.013175881755926256	0.013166756856931956	0.011742616697917317	0.006777957014049167	0.0012858288267847972
588.0	0.013302804949124272	0.013324434513300884	0.011952390502603523	0.006934768796821126	0.0013727385706471243
589.0	0.013368527355075203	0.013331608688949198	0.011832601103476649	0.006817039203828259	0.0012727127981078212
590.0	0.013330309949687792	0.013220447642466618	0.011587047837090199	0.006656992718570216	0.0012131964334915592
591.0	0.01261098170329833	0.012514241587250455	0.010975089045486245	0.006278163314084836	0.001100285907501955
592.0	0.012256981920436588	0.012148246188892351	0.010641331617963828	0.006148754127883991	0.0011770762720982788
593.0	0.012705966938519277	0.012520816682040598	0.010863417575044955	0.006421639727360061	0.0014608369457559047
594.0	0.012741869532839581	0.012525007365762685	0.01077956340375153	0.006272785342888622	0.0012717486108187242
595.0	0.012408082729354768	0.012164905933763258	0.01038313140157727	0.005952486678112698	0.0010645075829633602
596.0	0.013390377293659009	0.013173953552404218	0.011425718778056366	0.00689877176849897	0.0017958422497898416
597.0	0.012884035170204358	0.012513619653878184	0.010465433473924951	0.006068120998196511	0.001195900380948839
598.0	0.01213126785745613	0.011779685310808521	0.009816227519142271	0.005577028877843901	0.0009162741838015219
599.0	0.011504088214916885	0.011187372897499414	0.009367739804488429	0.005367899627043048	0.0009562043291245132
600.0	0.013655459686911004	0.013286416636485658	0.011210710256677674	0.006700037209518731	0.0016389582871607219
601.0	0.011275903393755485	0.010847248114493337	0.008798470524947647	0.004853205805392815	0.0005606938247235821
602.0	0.01040822558318197	0.010016527438998581	0.008175595984040282	0.004676331630076901	0.0008196674207425654
603.0	0.010732019733036615	0.010359349116351307	0.008577126894528643	0.005133138546664997	0.0012667970314278099
604.0	0.012884625744237587	0.012371534453751607	0.01004400825949785	0.0057565996185768836	0.0010277830998925075
605.0	0.011655892364069269	0.011163090086206421	0.009001547816243927	0.005145402982901725	0.0008966028486026014
606.0	0.011419808171219728	0.01101574911778408	0.009110577444495768	0.005472102677744246	0.001380921626202532
607.0	0.011767672066166643	0.011292644477845202	0.00920035505263968	0.005447416714453589	0.0012538477197075895
608.0	0.009914896586531037	0.009411887836119218	0.007415287135391257	0.00422087408495626	0.0007069457941839595
609.0	0.01220270958635553	0.011592115673827294	0.009228599843224774	0.0055552758946900704	0.001421317048586018
610.0	0.013591161285992862	0.012937256982499545	0.010298115706584843	0.00598801143175128	0.0012077818467470269
611.0	0.013094349520768645	0.012348679987909499	0.009574760798948286	0.005494896783744353	0.0009933694380720819
612.0	0.010777499515947031	0.010313955348866208	0.0083681978756927	0.005043029825978233	0.0012987675723491177
613.0	0.011461971008279514	0.01081317122039751	0.008456662981063203	0.005101706692178375	0.0013225516709741473
614.0	0.009618051200997105	0.009047107350938447	0.006982016920159414	0.004064561949949649	0.0008276907490294615
615.0	0.00910178146373852	0.0086346021505396	0.006816942503762419	0.0039772205266871054	0.0008235887541923439
616.0	0.012270313700311931	0.011513054250616508	0.008798094989935735	0.005016492293989621	0.000854413461166037
617.0	0.010727831051044887	0.010078268916264913	0.007807838164396594	0.004762086993614823	0.0013140185642068283
618.0	0.011238468183656002	0.010627593978493628	0.008359803880274304	0.005027762786307685	0.0012795371521832073
619.0	0.012835453810275683	0.011985807942740078	0.009131921793505778	0.005558999777433879	0.0015179752145356251
620.0	0.009809940081182463	0.009095309788026374	0.006753970960622238	0.003962430081612311	0.0008559263625142213
621.0	0.01113224451502697	0.010321823213087604	0.007702625503235151	0.004660217372028561	0.0012291817572909003
622.0	0.008855117192121504	0.008324579745145777	0.006405412922043945	0.0036945846860881263	0.0006978810800668822
623.0	0.009644441410462685	0.008926827268772936	0.006606255837422429	0.0039101418119100815	0.0008988401577610916
624.0	0.010338333901164037	0.009452084369010622	0.0066816280592613105	0.0036969971436527508	0.0004476602043270947
625.0	0.010704378099749758	0.009848361036625243	0.007205298626789595	0.004427161642943524	0.001271601650097402
626.0	0.012896922343038315	0.011975901444089105	0.009004607112081337	0.005562575605765688	0.0016422859431061195
627.0	0.012405494374576076	0.011383863398443331	0.008228241005706769	0.004912653789283234	0.0011959591558393218
628.0	0.009769086290707238	0.009011630639481544	0.006614584991619181	0.003953004608902212	0.000968034519973162
629.0	0.00991274851989073	0.009126143714558197	0.006654764410847762	0.0039548103544043665	0.000934187460800375
630.0	0.007381525767605258	0.0068644312966824935	0.0050600503109187915	0.002658899501506799	8.624458190053294e-05
631.0	0.008455618850436324	0.007783567185521177	0.005689938503647978	0.0034445301240620717	0.0009118013531933858
632.0	0.00905620542977067	0.008330648817398902	0.006024569510676588	0.003444245243590059	0.0006019876300601299
633.0	0.00901992652457709	0.008319700684547737	0.006077422948244753	0.003526720709123462	0.0007008251886746822
634.0	0.011278180751193042	0.010351734192272524	0.007431863335806992	0.004225069987310065	0.0007001760358035683
635.0	0.011101117919865545	0.010021031808793324	0.006825984665663571	0.0038274452684986596	0.000548376846524147
636.0	0.011241155307272982	0.01035027022582079	0.007546987833403665	0.004474287741133651	0.0010401629661775187
637.0	0.00854692313532808	0.00790026524051032	0.005810217592624862	0.003385984062698915	0.0006956177391550275
638.0	0.009111192370862308	0.008403856908239913	0.006114452194783104	0.003454307362809177	0.0005368565285583497
639.0	0.010553136318745514	0.00955640169433622	0.006685386231418754	0.004180448466023065	0.0013106697589242507
640.0	0.012178262021660585	0.011178251348645868	0.008124675853307997	0.004999807037909318	0.001447828102393606
641.0	0.009085305092507403	0.008352636154878131	0.006146777021376589	0.003963083335678482	0.0014186160362380038
642.0	0.010553027381256774	0.009513908424321395	0.006544550710620156	0.00401958732279133	0.0011527857042849064
643.0	0.007518507548699889	0.006758518210144504	0.004588797717082832	0.0027512203813070627	0.0006880246363918205
644.0	0.006611313332443307	0.005859175063466679	0.0036472322281392495	0.001616313546266053	-0.0004747693037944798
645.0	0.008646214402263609	0.00791865887975415	0.005706278102702692	0.0034668958239866664	0.0009369016818904902
646.0	0.00779486133227751	0.007001092739991747	0.004633734485208137	0.0023680517090663147	-3.997964223703669e-05
647.0	0.007459289426119665	0.006759194819212672	0.004732506991910649	0.0029378293036884783	0.0008893413115961746
648.0	0.008163966277344581	0.007307017862701666	0.004869600805945729	0.002832388151252215	0.0005740335912444239
649.0	0.008423652161447713	0.007635789057370098	0.005346867134898147	0.0032988979493617982	0.0009683922583167098
650.0	0.009832880642391748	0.008761039419965656	0.00569143199858951	0.003075701356995468	0.0002505617781036102
651.0	0.006671021188441596	0.006003477633934943	0.00404878197119668	0.0022662552842059756	0.00031822686267132187
652.0	0.008894585369126285	0.008135719482992063	0.005831560396909227	0.0035089709336109864	0.0008965166796556041
653.0	0.007458159351114027	0.006745821054724334	0.004639836077770232	0.0026648545292634086	0.000485968041317516
654.0	0.009298872886188886	0.008362356258455822	0.0056867770335045364	0.0034155271060365847	0.0008634090637725154
655.0	0.007625968765155554	0.006932363313204508	0.004982537124302775	0.003401016494903288	0.0014880268804844264
656.0	0.00811908044649578	0.007248065418931432	0.004817482874593396	0.002909507787667166	0.000760439247479195
657.0	0.008299132808056359	0.0075004323167922726	0.005209705706214858	0.0032380715054792964	0.000986268216571592
658.0	0.007352782622479269	0.006527784321550101	0.004216156356398199	0.002380356886567221	0.0003682809491299057
659.0	0.006669116689521908	0.006046697757390708	0.004217321387475227	0.0025268537465837175	0.0006291884208239906
660.0	0.006288754833354228	0.005617649448496059	0.0037410824468801828	0.002257484264769516	0.0005870514323052693
661.0	0.008483897525797514	0.007674140185118367	0.005396982329191138	0.003552562640324629	0.001376602450413687
662.0	0.007196724418908239	0.006523096732541984	0.004646189500613374	0.003170061683718161	0.0013851917079565476
663.0	0.006774674343087081	0.0061923259528182135	0.004468877593578965	0.0028405817956227266	0.0009585901771274746
664.0	0.005970983416208281	0.005325439247837492	0.003488042873212395	0.0019510413344009801	0.0002719130428109674
665.0	0.007288433278178763	0.00656053787131457	0.004472995560830751	0.002679628623776537	0.0006667555828605918
666.0	0.007028131756461939	0.0063081406450974	0.004294551857814571	0.0026985922243946527	0.0008657214509415092
667.0	0.0070152792439591265	0.006305838415600591	0.004381428445436652	0.0030124966868928047	0.0013477917904708178
668.0	0.006656521546638715	0.005937291533009896	0.003917528175618864	0.0022988869359183506	0.000498191864560498
669.0	0.007284407523476397	0.006480195826632477	0.00428441847097249	0.0026911278853431193	0.0008619247075044934
670.0	0.007467884035471793	0.006716951341885639	0.004479137323939272	0.0023408023376399554	5.404831788440377e-05
671.0	0.00571502589762517	0.005304942985286384	0.003993044559843369	0.0024987437278129083	0.0007856909564841737
672.0	0.006407225587057033	0.005700850116747635	0.003721352566462744	0.0021474033388902934	0.00040814731957265326
673.0	0.0069129089438506605	0.006229532420147803	0.0042781929478714845	0.0026229607960271298	0.0007452476925220984
674.0	0.006371041475704195	0.005759658927072675	0.004003799893063077	0.0024862254569576678	0.0007538107206859614
675.0	0.006152332198129988	0.0054876970661951845	0.0036386200905177	0.0022024114995768435	0.0005831075077430747
676.0	0.00574924601585978	0.0050848490121066115	0.0032849339908384632	0.0020200992410237904	0.0005835080263362893
677.0	0.007190784382347355	0.006418001646160718	0.00434336458412895	0.002931349611107845	0.001237751754521626
678.0	0.00566431667016293	0.005126238851503943	0.003541627516229371	0.0020706490586482763	0.0004364035494129164
679.0	0.007874275905451303	0.007166415450997096	0.005113212172108992	0.0032810426889172167	0.001152265685276125
680.0	0.006582343091824237	0.005951852501851814	0.00412291980525384	0.0024953704977146228	0.0006600923909498976
681.0	0.006387321163805031	0.0057035590954790764	0.003811452944353523	0.0023681862882749334	0.0007203585412358614
682.0	0.006604733987512808	0.0059739696330663224	0.00415206287922271	0.002550406804267385	0.0007317544283464989
683.0	0.007412789565249961	0.006593546011905444	0.004312526206123977	0.0025379502867359975	0.0005615176989440696
684.0	0.007510139042056803	0.006784447967585091	0.004661264268730368	0.002726658393715023	0.0005769218239191857
685.0	0.006042557631217872	0.005437894119703355	0.0037385689324951964	0.002368299134183935	0.0007877625460801649
686.0	0.007227280133866861	0.006563265924614529	0.004698394452759418	0.003191241993479768	0.0013748432935780743
687.0	0.006953247242452118	0.006158991790829136	0.003976590001203355	0.002358384631943109	0.0005503651668577955
688.0	0.007733997197650621	0.007014720065080892	0.004961620378049447	0.003216844519194502	0.0011774456733294962
689.0	0.005506415704356085	0.004858813339587447	0.0030696493456746033	0.001718715482297338	0.0002425436885172123
690.0	0.0065733367764545065	0.005865522195159338	0.0038630469987106166	0.00221919023031019	0.0004057479781614044
691.0	0.005138026943336971	0.004610485727886495	0.003137181883703463	0.0019750196696994866	0.0006390284537154498
692.0	0.005476745103680084	0.004901184317727641	0.0032925921948577025	0.0020220503056684195	0.0005797039530266104
693.0	0.005892730578755373	0.005290593314215624	0.003616200800786344	0.0023142225310601233	0.0008040201214144771
694.0	0.006368258639572459	0.005691069856815006	0.00383290767812705	0.0024570703650683735	0.0008597591955687032
695.0	0.00576185271436299	0.005162033833434025	0.0034901610935317946	0.002180947700264995	0.0006817716451685529
696.0	0.005079749844668584	0.004516192815477754	0.0029287383476984995	0.0016453197371212609	0.0002411329882226022
697.0	0.005809255535689227	0.005204477674833239	0.003542547574663053	0.0023040182353332153	0.0008538507480069825
698.0	0.00599540160413325	0.005433678556811797	0.003851129971409125	0.002560479923055574	0.001027907058585223
699.0	0.005672564051042999	0.005074582717748704	0.003436788379371915	0.0022317054308964857	0.0008220651616585343
700.0	0.005198700210179302	0.004631503006041473	0.0030280146381612893	0.0017155105940028352	0.0002751036368441051
701.0	0.005426813623148059	0.004866641467245612	0.00330933621660904	0.0021000678360751307	0.0007039690678824536
702.0	0.005874955102235621	0.005264361228040216	0.003590740149974635	0.0023549074065348733	0.0009004807069584559
703.0	0.005924148526720878	0.005332197176597252	0.003710357668147975	0.0025120208913719847	0.0010713286920630049
704.0	0.0056390043664433865	0.0050659458900943356	0.0034704620386486937	0.002224316503104943	0.0007776267953561255
705.0	0.005945311799702965	0.00530319911172893	0.0035898588577417995	0.002452932853305048	0.001077008025759042
706.0	0.005733852681176788	0.005138632433096369	0.0035330285876497645	0.002416989707401479	0.0010650436663510285
707.0	0.005314286877130054	0.004780385592043473	0.003294046383268035	0.002132795114275471	0.0007766814764266733
708.0	0.005537529307091262	0.004968698381501734	0.003427410966004237	0.00233664190499609	0.0010186824945423328
709.0	0.005507591519669744	0.004933684174787236	0.00340431057670439	0.0023927375724511184	0.0011405641785262345
710.0	0.005432738822821089	0.004872925705805714	0.003349813720116526	0.0022550625405179507	0.0009442468169245533
711.0	0.005580999501470159	0.0050032766479519005	0.003456380650525861	0.0024124433152212213	0.0011277314595055522
712.0	0.005236119505722236	0.004638166493287464	0.0030395368752080196	0.0019734873388389173	0.0007267487069084362
713.0	0.005281962917837167	0.004709995801662072	0.003176382789166932	0.002138292320257023	0.0008954285458028753
714.0	0.005170491062488814	0.004617088163477439	0.0031159394480612178	0.0020514917101641696	0.0007957520690301664
715.0	0.0051621239963465385	0.004652285409959222	0.003255363015568844	0.002222384555472533	0.0009729129455735709
716.0	0.004913121874681983	0.004364554968874581	0.002890641754616473	0.0018863077750319156	0.0007081092653396167
717.0	0.0048352709336781045	0.004294338654627089	0.0028321014730636573	0.0018115440707556429	0.0006282667372108661
718.0	0.005263735778811242	0.004703207294151487	0.003210255013891326	0.002226202727704009	0.0010215901867112517
719.0	0.005010439520601585	0.004482873258286311	0.0030479495634063943	0.002019045251253444	0.0008004239015499887
720.0	0.004880031454986608	0.004315198975721796	0.0027951291831648565	0.0017546175278890098	0.0005605170175488083
721.0	0.005036316684022132	0.0044696956190990594	0.002955989878373287	0.0019489296609528678	0.0007599273170558788
722.0	0.004929226122902573	0.0043843840519048076	0.0029092030931015265	0.0018724584471035675	0.0006661221330958283
723.0	0.005303133727613925	0.004706942910571829	0.0031146412434022745	0.0020563481482623438	0.0008057590731978421
724.0	0.004954674998149607	0.004354763426791283	0.0027627952741889152	0.001737427433846323	0.0005597025429941995
725.0	0.005341960425211551	0.004723384534761553	0.003083454257140272	0.002028929175788326	0.0007855254760640148
726.0	0.004838162778705448	0.004316261669030463	0.0029021510508674274	0.0019041674008454087	0.0007294006413856725
727.0	0.005277619205007018	0.0046868939572777095	0.003125391765857156	0.0021321076756006226	0.0009315450572774828
728.0	0.00500511448672606	0.004378774017682731	0.0027525956193204305	0.0018071540626365744	0.0006941303010230468
729.0	0.00493407214197724	0.0043452309067248274	0.0027878040125792437	0.0017982701548213739	0.0006455632609883518
730.0	0.004762592367588834	0.004174466595684391	0.0026243185313615273	0.0016563276962963456	0.0005424149630465643
731.0	0.005094889834784513	0.00449891460448908	0.0029400175663792296	0.001997026680519317	0.0008609458869020131
732.0	0.00487941829753134	0.004312084749632433	0.002813549639614434	0.0018656226380205886	0.0007423806530861736
733.0	0.004949660928037629	0.004354383821841718	0.0028069979240824684	0.0018998991328700715	0.0008099218686300077
734.0	0.004867630777401097	0.004301927930686503	0.0028180621562306873	0.0019083729730946792	0.0008148008760339444
735.0	0.004918943791505805	0.004385612461486296	0.00295716011245709	0.0019946350723854655	0.0008406550683933492
736.0	0.004706742949108361	0.004140696301689279	0.0026589795503857636	0.0017610491566771853	0.0006979418928343428
737.0	0.00477256219973372	0.004240228208502552	0.002827143790987231	0.001911511682624974	0.0008119447731992901
738.0	0.00466644633090949	0.0041339893429690276	0.002727225249807244	0.0018353874751648096	0.0007679463124267139
739.0	0.004762880652757249	0.004163301885117553	0.0026248710828811355	0.0017827910273647807	0.0007685200517422454
740.0	0.004530911725265003	0.003960699160551859	0.0024637206912012342	0.0015466138433582362	0.0004942990908607266
741.0	0.0048162524427066925	0.0042756647602322445	0.0028535426054017233	0.001968201563438205	0.0008891268019264159
742.0	0.004634799271280283	0.004092309404853559	0.00267009017489066	0.0018007013247631639	0.0007586558702205416
743.0	0.004772214337117017	0.00419034044940688	0.0027022475844290725	0.0019001804020193711	0.0009072559923716999
744.0	0.0043715887258417565	0.0038388631913639543	0.0024178429467801646	0.0014824476730192207	0.0004216620086421599
745.0	0.004709839308148686	0.004107386389701824	0.0025564520448044838	0.0016936008848385852	0.0006719900199952669
746.0	0.0043513136058455516	0.003808454876248323	0.002372825060265954	0.00146340132200058	0.00042918926258432685
747.0	0.00461541243729674	0.004085120193154766	0.002694262370908163	0.0018413500175283092	0.000809105166458036
748.0	0.004622113988072577	0.004048315230146082	0.002556868259767323	0.0016845470741352069	0.0006553127728773157
749.0	0.00466385207679871	0.004112938574514268	0.0026805737659746118	0.001839113643730224	0.00081780677346134
750.0	0.004841507788677784	0.004275353857157075	0.002807358748529649	0.001955771803414173	0.0009096252852072693
751.0	0.004483939553068322	0.00397185978586804	0.0026180093943332125	0.0017571796739283712	0.0007287615153712256
752.0	0.004410813371017919	0.003847817900899447	0.002388927329174454	0.0015497828484186361	0.0005691211030637215
753.0	0.004723470931369218	0.004173495170832051	0.00274025990206973	0.0018881226769248334	0.000850423296029832
754.0	0.004791081762440374	0.004253871546071753	0.00285074902668874	0.002005573414430136	0.0009586619306798603
755.0	0.004682544144917847	0.004167887733443728	0.0028038619045273197	0.0019251800446384141	0.0008579201881928306
756.0	0.00450232873440497	0.003959459349085218	0.002539491087870116	0.0016821574534536133	0.000667023974333618
757.0	0.004623496283525903	0.004055672897494433	0.0025922769024564643	0.001771418898893859	0.0007782062471862845
758.0	0.004569606299188119	0.004017401468944944	0.002588145706442904	0.0017680775670253445	0.000776001248606745
759.0	0.004490500944139194	0.003961355598832741	0.0025713139152395504	0.0017140250058642155	0.0006946615324220106
760.0	0.004466979465621936	0.0039055951417489698	0.0024515076338115296	0.0016161427448801971	0.0006301477487298021
761.0	0.004516762843773048	0.003959020550268798	0.0025252452224999882	0.0017317215008449522	0.0007690390250092397
762.0	0.004479423883964821	0.003944640941102995	0.0025538784502944457	0.0017364407979712174	0.0007509610382075606
763.0	0.0044240615421038	0.0038880928938303527	0.0024988640373381386	0.001696185989730928	0.0007297103522460659
764.0	0.004342361924355414	0.003805037458321992	0.002410409454602648	0.001600284306965108	0.0006396782911069546
765.0	0.0044190189959668735	0.003885736772745423	0.002504818125672434	0.0017105898403919008	0.0007500057629010133
766.0	0.00421795237931543	0.0037023022522123185	0.0023697906256693094	0.0016118710987949921	0.0006979458249193885
767.0	0.0043462017476519335	0.003808242317539582	0.002425228289663111	0.0016596447152373377	0.0007323345167694709
768.0	0.004229692994531958	0.0037009547445481052	0.0023321655266933003	0.0015476604424750654	0.0006177220445431272
769.0	0.0040990919448467555	0.003562855967885128	0.002178620044903881	0.0013987330215302334	0.0004928872128785113
770.0	0.004313794875720398	0.0037825782924665514	0.002413780883669957	0.0016468497379520705	0.0007199782963010581
771.0	0.004363339394746268	0.003831772740704259	0.0024533509557903258	0.0016554728449249562	0.0006988387996988885
772.0	0.004292195121208413	0.003773566177162366	0.0024219054906794257	0.0016197705246228612	0.0006639159225129929
773.0	0.004271942890795401	0.003730642033790821	0.0023458851291972547	0.001600172947222562	0.0006991544615922845
774.0	0.004306336090507257	0.0037766896895336057	0.0024072649215983372	0.0016265131885017702	0.0006895622113215222
775.0	0.004318098181882108	0.0037882849722921915	0.002420153857257006	0.0016449548292183308	0.0007106865704210182
776.0	0.004257339026305647	0.003731956941167929	0.0023697722204984286	0.001582484997532903	0.0006453348549635866
777.0	0.004180448599141024	0.003645261554978508	0.0022620786687272297	0.0014770339914439747	0.0005560041226274548
778.0	0.004164584473333345	0.0036434317726343627	0.0022866912116267803	0.0014874642902321087	0.0005518985717808083
779.0	0.0043123645729931685	0.0037727060546369103	0.0023844242654129013	0.0016138737144771828	0.0006880611667230775
780.0	0.0043033688286749005	0.003755412114561491	0.0023508322472003363	0.0015865996764614382	0.0006702765840447863
