Time in ps	0.475 ps (0.45 - 0.5 ps)	1.5 ps (1.4003 - 1.6 ps)	19.8 ps (19.1769 - 20.4 ps)	101 ps (94.9123 - 108 ps)	502 ps (469.744 - 534 ps)
335.0	0.027492305819426417	0.03164775006413918	0.024725561859777766	0.014462752876765	0.003874267011665615
336.0	0.026638179514374537	0.03138224367377649	0.02389144828699211	0.013591235363826858	0.0024980589085953696
337.0	0.024892480003877854	0.027882431351773276	0.02076499305806688	0.013262687195629482	0.002089142451407088
338.0	0.02492326847319566	0.027377678167530672	0.018736488734097455	0.010913156300898848	0.0015901461760101142
339.0	0.02749600712481963	0.027869581517689555	0.019273436518740354	0.010616696156523105	0.0038649823768861845
340.0	0.02300436733441598	0.024654045536682254	0.016236177218152095	0.010104244265186503	0.002125317026013542
341.0	0.022730479180040616	0.024890803587601214	0.013781149581668957	0.008506348041216555	0.001651256132741806
342.0	0.023281966584685242	0.023578151044799007	0.0127887525410851	0.0076438385125104855	0.001968742630081666
343.0	0.02289361351624074	0.022191308533518653	0.011528576899637398	0.006576379536798059	0.0024519418541809916
344.0	0.020881845099838387	0.02047726245113672	0.009692712096749906	0.006523140163785567	0.0020655127940844152
345.0	0.021897631589181742	0.021167991809379214	0.008264319764535559	0.00583129422909624	0.0029321322183287982
346.0	0.02178119221297382	0.019292643333262853	0.006582478910792702	0.004570406061333415	0.002527980308662998
347.0	0.022295244083989342	0.020009194578193737	0.006960657854410662	0.005133733849546846	0.00313303655295306
348.0	0.018567433942404867	0.01635162024458253	0.004369560158610036	0.0033346661160396428	0.0015203249596279153
349.0	0.019140802696352602	0.016483708470935464	0.0031666792383947913	0.002558914940521875	0.0015863032159262238
350.0	0.018885026409589067	0.014794075339487197	0.0018348463267821196	0.0020728105952610293	0.002515728595560232
351.0	0.018988501714503395	0.014162275552191409	0.001358828268015519	0.0019278965239862495	0.001372769365083282
352.0	0.01639668774695121	0.01204490063646495	0.00036329603239398955	0.001740329904145718	0.0016689337519992826
353.0	0.019557180517150923	0.013340184311687863	6.665939660584902e-07	0.0020672210634488167	0.003181597619120252
354.0	0.015228911657811714	0.010029647896675742	-0.0008634324638705801	-0.0011737964909975074	0.0029715798190794607
355.0	0.014067368919021345	0.008338332980749416	-0.0016531717647938979	-0.0007783485855733872	0.0006579881015410218
356.0	0.013952031963257316	0.00828172273111937	-0.005630464002526973	-0.00023255544940793243	0.0006223805681331122
357.0	0.013890107335229749	0.00981120789887429	-0.0034695788696211182	-0.0005377133357543022	0.0008197832262160341
358.0	0.013287360075067388	0.0074752227211606435	-0.005701482772208043	-0.0012102381453926577	0.0020328683269104563
359.0	0.01022226916122547	0.0066673484775269815	-0.006847274115622607	-0.0018418304604089276	0.0006704784351058742
360.0	0.004959764313874643	0.0012409161368638726	-0.007237115387350394	-0.005474223078129524	-0.0006889388203045869
361.0	0.011159823413559323	0.0025669026555048676	-0.005525337962560685	-0.0026189602529570226	0.0013448769406225307
362.0	0.010775856114717812	0.0035112202926668454	-0.006774128129852603	-0.002122635555358763	0.0009971855450242404
363.0	0.009017641813861471	0.0032598048492345367	-0.0032063110778747326	-0.003037921547593084	-0.00029578117288184334
364.0	0.008253868855918528	0.0019693965438581755	-0.0039781056328504144	-0.00027703709518785017	0.001748796246010589
365.0	0.010441419465092111	0.0039044313787918315	-0.003897096303539159	-0.00037958087446906587	0.0013544297674943876
366.0	0.010311986915363853	0.0041779145217732	-0.00393558415909175	-6.565157362104683e-05	0.0007745691581835547
367.0	0.010484235137119923	0.004654978088853155	-0.001459185029770142	0.0011275996966203202	0.0025303448603801845
368.0	0.010733465171510479	0.005261544962745612	0.0008782131217236174	0.00030669397870773673	0.0009338333219899837
369.0	0.013546493243407044	0.007693963790077119	0.0011438982855905082	-0.0005356417660283853	-0.0007524699887416157
370.0	0.0140725724853946	0.010367393718739007	0.004770575419694136	0.004080190716733797	0.0017264255861877947
371.0	0.011793920746662995	0.008463673785554092	0.005806089639986326	0.0030116640340505383	0.0014894670188522392
372.0	0.01189477106856399	0.008538849539043082	0.004957949313859377	0.002025291498428803	0.0017170478945633207
373.0	0.013766618185278655	0.011958403587641258	0.006267291848590852	0.005447004480900339	9.437231005939587e-05
374.0	0.013519126875217197	0.010485725239879418	0.005496183180450919	0.0053168292475337855	-0.0005619935686839004
375.0	0.01779961893496884	0.014891106562270837	0.011525366563046391	0.007063088548911429	0.004195838088502182
376.0	0.020751824197896923	0.01970058496010481	0.015920511909410642	0.012399003091587864	0.008697493400232353
377.0	0.014388123072466074	0.012240276559237614	0.0102653252592006	0.007113174005893847	0.0022945049939054572
378.0	0.01362991503913257	0.01283235296691006	0.010782701108359449	0.007066391433802502	-0.00026155479124049033
379.0	0.014879086637785886	0.014102134405023172	0.014354400256893274	0.00903773598636003	0.00034278796479658377
380.0	0.0	0.0	0.0	0.0	0.0
381.0	0.0	0.0	0.0	0.0	0.0
382.0	0.0	0.0	0.0	0.0	0.0
383.0	0.0	0.0	0.0	0.0	0.0
384.0	0.0	0.0	0.0	0.0	0.0
385.0	0.0	0.0	0.0	0.0	0.0
386.0	0.0	0.0	0.0	0.0	0.0
387.0	0.0	0.0	0.0	0.0	0.0
388.0	0.0	0.0	0.0	0.0	0.0
389.0	0.0	0.0	0.0	0.0	0.0
390.0	0.0	0.0	0.0	0.0	0.0
391.0	0.0	0.0	0.0	0.0	0.0
392.0	0.0	0.0	0.0	0.0	0.0
393.0	0.0	0.0	0.0	0.0	0.0
394.0	0.0	0.0	0.0	0.0	0.0
395.0	0.0	0.0	0.0	0.0	0.0
396.0	0.0	0.0	0.0	0.0	0.0
397.0	0.0	0.0	0.0	0.0	0.0
398.0	0.0	0.0	0.0	0.0	0.0
399.0	0.0	0.0	0.0	0.0	0.0
400.0	0.0	0.0	0.0	0.0	0.0
401.0	0.0	0.0	0.0	0.0	0.0
402.0	0.0	0.0	0.0	0.0	0.0
403.0	0.0	0.0	0.0	0.0	0.0
404.0	0.0	0.0	0.0	0.0	0.0
405.0	-0.02075420744309539	-0.021265334059592418	-0.01923193135580121	-0.011206129603537522	-0.0019946133689092396
406.0	-0.023666167492353368	-0.023872325521235912	-0.023493094834271016	-0.012981430480931117	-0.0025233703830551844
407.0	-0.02304372297252185	-0.023779342892965148	-0.022469799559091813	-0.012650223975013938	-0.0014064592120581051
408.0	-0.026930272897149027	-0.026964193488706094	-0.02432305506372984	-0.015203214579686965	-0.00359291996725262
409.0	-0.027348510610119618	-0.02775310958961409	-0.025512185877585858	-0.014700091184632499	-0.0024397287853657958
410.0	-0.02717828193733475	-0.02770095241403322	-0.025679487559304	-0.013756751067751047	-0.0033028449776221587
411.0	-0.029628629793108343	-0.03025445102347729	-0.027236847863329618	-0.01612351224295999	-0.0032173224454502226
412.0	-0.03035417914328624	-0.03125296161304389	-0.02862052405649167	-0.016416114427147445	-0.002660869012241161
413.0	-0.030428766331294176	-0.030480018391581813	-0.02814370685162021	-0.015999703514371112	-0.0033960162189191857
414.0	-0.03129505974097279	-0.031058304815669242	-0.02812363927033292	-0.016577897811620536	-0.0034555923178596817
415.0	-0.030229755729874935	-0.030789580909651042	-0.027737070448201083	-0.01568383608502736	-0.002830409726767155
416.0	-0.03212591234586674	-0.03146506941865577	-0.028934993113199678	-0.01616866041987906	-0.002930633513397064
417.0	-0.03239249020444254	-0.03207059420120758	-0.02939562671921563	-0.016556033352786735	-0.0032953814033539197
418.0	-0.03367427843374781	-0.03364121950845124	-0.030557548417320113	-0.017695568473155364	-0.0034578694495017177
419.0	-0.034139420113357535	-0.0340272170316297	-0.02977591357958891	-0.0175969363020936	-0.0029932664391509756
420.0	-0.03321186830493568	-0.03314181614009291	-0.029125964040858647	-0.016799661997176814	-0.0032526535657714335
421.0	-0.034994148829263945	-0.034421639664720734	-0.031143767907703943	-0.017558412747676437	-0.0035582874419232374
422.0	-0.03657110076385923	-0.035144491813917225	-0.031704554099390526	-0.017594736308971973	-0.003575037581649751
423.0	-0.03642230919702882	-0.03593905221741102	-0.03154944605916142	-0.018703988788819965	-0.003344262948932709
424.0	-0.03664324507006677	-0.035919564289416644	-0.03139556281980363	-0.01919179272385252	-0.0037784010662621006
425.0	-0.0366418037656157	-0.03578793532622969	-0.03152669810111577	-0.01804128710588853	-0.0038824167361977786
426.0	-0.036998661296164304	-0.03562349382836258	-0.031154707671441156	-0.017963755315899936	-0.0036854712096664995
427.0	-0.037272677603555196	-0.035972984130327144	-0.03109414657113331	-0.018026267869718095	-0.003578954927095257
428.0	-0.0372814679015991	-0.03650247732119662	-0.031897343591879596	-0.017808458209173438	-0.0035103090279572204
429.0	-0.03761674926068266	-0.03635325661102683	-0.03153223320165177	-0.017987701470440088	-0.003512841352830275
430.0	-0.03883585532753922	-0.03689671389283952	-0.03176887769640159	-0.018224367237760913	-0.0036178947145219156
431.0	-0.03787868689646066	-0.03682139778195709	-0.03145372938964519	-0.018594505224897438	-0.003944741513569947
432.0	-0.038421618413240585	-0.03737403981260641	-0.03207702576536433	-0.018994313227023225	-0.0037877831779701172
433.0	-0.038666648808934855	-0.036772484814783526	-0.031530744426412724	-0.01805257175208996	-0.0035038317132263536
434.0	-0.03871436963226158	-0.03702482550516902	-0.031327978841410586	-0.01842447418509465	-0.003889260811530278
435.0	-0.03839043901381552	-0.03680458471225724	-0.031437708586183645	-0.0177744179107903	-0.003501356309720218
436.0	-0.03794093219827995	-0.03616801057382328	-0.03079856998638779	-0.017248410233698754	-0.003755772167059723
437.0	-0.03810642083929406	-0.036539709659504684	-0.030753121862764295	-0.017511936865055835	-0.0036502036699596805
438.0	-0.03847879361322879	-0.03692591368029849	-0.03119657842948491	-0.017691582584254475	-0.0035034080885239377
439.0	-0.038488847156673334	-0.036406528098125626	-0.030761777357914948	-0.017925708667244	-0.00308712846140581
440.0	-0.038868762878960274	-0.03650978828030382	-0.030865838157915708	-0.017953045665579655	-0.0038587722503178306
441.0	-0.037330083909639475	-0.035059587596984285	-0.029509048131058382	-0.016836704736142467	-0.003096220818473116
442.0	-0.038055203725365395	-0.03592929125225396	-0.029838042855189616	-0.018059750554680322	-0.003597312185337772
443.0	-0.03611775328610662	-0.03426046200991848	-0.028635627195703804	-0.01674598091989281	-0.003842255786729671
444.0	-0.03576753345233789	-0.033883509715022436	-0.02857714066920637	-0.01586735171763142	-0.0034243680036233053
445.0	-0.034603449322704045	-0.03316353486682274	-0.027515145913232612	-0.015940707921102793	-0.00391033941850303
446.0	-0.03501996933457288	-0.03368142303110494	-0.027771370824109652	-0.016117967732805657	-0.0031606629684399175
447.0	-0.033647590055130114	-0.03211956918451356	-0.026646535115722795	-0.015277819982306626	-0.0032669740186293626
448.0	-0.033804659766907136	-0.03209095337691738	-0.026461690542851225	-0.016130521213052425	-0.0034415016603262846
449.0	-0.03320134353683051	-0.03192593055263642	-0.026369320566378345	-0.015225239776638061	-0.0031769551360915065
450.0	-0.03251346466772014	-0.031126765067063678	-0.02554125712864946	-0.014629738248079172	-0.0030305137107247433
451.0	-0.032852012009617966	-0.03144101766186451	-0.026021580591172464	-0.014663208119892942	-0.002962476699485647
452.0	-0.03208420045015246	-0.031173262880844328	-0.025724284920804027	-0.014295845949442084	-0.0031781702680326466
453.0	-0.031375976239636935	-0.02996499926768477	-0.024734518053408597	-0.014286893670691518	-0.0029817911920567266
454.0	-0.031082165892642677	-0.030125859333702203	-0.024960068051696892	-0.014494584368763802	-0.0029861058868784086
455.0	-0.030087081586098054	-0.028797596822201343	-0.02362277556320824	-0.01414254360709711	-0.003130843824635173
456.0	-0.028791080020990588	-0.02754097077224822	-0.02268960701947652	-0.013371238595702425	-0.003018671324342446
457.0	-0.02916921027025779	-0.028129197853907023	-0.022910513990299676	-0.013205882599850031	-0.002623484527932428
458.0	-0.0281328146461114	-0.02723196531517702	-0.022374725323225583	-0.012777911624349046	-0.003025554951037121
459.0	-0.028239094789095545	-0.027203795416107984	-0.02214999785157393	-0.012615946384312397	-0.002768219474037165
460.0	-0.02829087208199568	-0.02703494535228848	-0.02209603988594405	-0.012122572437132197	-0.002597469822251134
461.0	-0.026866759066742078	-0.025361933336731177	-0.02079475713384297	-0.01197144551898601	-0.0026596350129962044
462.0	-0.026626640193172922	-0.02589346045551954	-0.021209127952267332	-0.01205192525805785	-0.002755629754704661
463.0	-0.025221248162481585	-0.024297831357255606	-0.020102640983713085	-0.012121461471893642	-0.002460149348632199
464.0	-0.025574914039821102	-0.02472584605094683	-0.020382810873763278	-0.012263119034862241	-0.0024046330919692115
465.0	-0.02372574748910581	-0.023292484084901546	-0.01964312455993321	-0.011073284046529464	-0.0026285841922982552
466.0	-0.02366818298437967	-0.023384814545147417	-0.019216749173713986	-0.011171554059786634	-0.0028756639286159416
467.0	-0.0221823967869853	-0.02170896055967007	-0.01736606138960902	-0.010293031581888545	-0.0025489190010345307
468.0	-0.02183128426214325	-0.02079202550722931	-0.01710901464307345	-0.010846206833207516	-0.0023016073865787076
469.0	-0.02157570076782765	-0.020752536057184186	-0.017100292389908164	-0.010133244960354261	-0.002740527964428567
470.0	-0.020400865735975035	-0.019764695273542816	-0.015875564378434567	-0.009587730142474011	-0.0024990996029304246
471.0	-0.020006439434134694	-0.01971386132537967	-0.015338796669743037	-0.008855491068219621	-0.002023521568003934
472.0	-0.02010961871438842	-0.01835495958392938	-0.014981532838550462	-0.008704123312587403	-0.0021194073423567482
473.0	-0.018724006669792688	-0.018062141986686882	-0.014654857145662403	-0.00858212021073179	-0.002222540959546302
474.0	-0.0183547856819097	-0.017755613404590018	-0.013493359605849596	-0.007953538598381722	-0.001734019378817409
475.0	-0.017425177648642917	-0.016625643487272843	-0.01343863063171706	-0.008267115950363075	-0.0021387592922305987
476.0	-0.01748700001718041	-0.01632307082504269	-0.012735299437944901	-0.007719084607073881	-0.0018475300867065488
477.0	-0.016411971711246944	-0.015470007521297735	-0.01199375661027596	-0.006964860177497699	-0.0021965218475757326
478.0	-0.015570547128808438	-0.01454786080236816	-0.010963450219332533	-0.0069637060552616425	-0.0019832702025626794
479.0	-0.014861245061291132	-0.013693753634287438	-0.010049617985156918	-0.006335960931915442	-0.0014076641908341604
480.0	-0.014087349304116308	-0.012457655556798794	-0.009299952723734347	-0.005744457520517094	-0.0017140694747406677
481.0	-0.013494957640882257	-0.012213661396811633	-0.008485438901611521	-0.00537333898902942	-0.001632047554736631
482.0	-0.013105099970690518	-0.011542119778263506	-0.007954622687051018	-0.005078238985276906	-0.0015298688658560518
483.0	-0.012875050462488852	-0.01175755435735394	-0.008221749027112204	-0.005273424845200735	-0.0015488053352071425
484.0	-0.01164263686696383	-0.0107445346737751	-0.007278218830319922	-0.004482374026621232	-0.0016035673252241766
485.0	-0.010808639329627698	-0.009324182344554443	-0.005783220403657009	-0.003910882670838772	-0.0014491442841314955
486.0	-0.010365470655822748	-0.00913304593150283	-0.005769238193675815	-0.003957364748553716	-0.0017792904524252956
487.0	-0.009776374455734512	-0.007945619623093734	-0.00522383537474912	-0.0034825636227937906	-0.0014000863975330057
488.0	-0.009532343411154347	-0.007409977310404051	-0.0041606596070160925	-0.00311853803918549	-0.0013833475512621718
489.0	-0.00865667744372873	-0.006912254497880592	-0.003480870315852639	-0.0025051065133722124	-0.0013578366643430986
490.0	-0.007457428873885045	-0.005698246879947329	-0.003245251726291916	-0.0021117594485322447	-0.0010565168211662417
491.0	-0.007086087578755362	-0.005407034489885814	-0.0025082492677850512	-0.0018754088131409012	-0.000991245395423748
492.0	-0.006988859738797575	-0.005209619612185874	-0.002316940673407237	-0.0016914362889991568	-0.0010255802803806327
493.0	-0.006219098481675511	-0.004201734971696562	-0.0017308686642593986	-0.0014426951943467582	-0.0011740894809350423
494.0	-0.005735911434884795	-0.004093144808032051	-0.0014103398156622435	-0.0011504983295593145	-0.0013611243757600498
495.0	-0.00527244162295655	-0.0032823935744231104	-0.0005021626676902928	-0.0007383175012594747	-0.0010986098098558555
496.0	-0.0041029997780958685	-0.002484471218351789	0.00018539590448633474	-0.0006365086014013686	-0.0007241981626553502
497.0	-0.00432816564893551	-0.0022837046513833675	0.0005791250252506656	-0.0001283895421322089	-0.0008923780919948609
498.0	-0.00405749213317498	-0.0016729998129181105	0.0006039196904812665	0.0002208766900984016	-0.0008256209991565771
499.0	-0.0030714455946875634	-0.0009996494171157877	0.0018057286908303714	0.0005616092645018419	-0.0005487710417763293
500.0	-0.002640501913289469	-0.0008135008981620443	0.0019135333259974049	0.0006124875254606174	-0.0004543824062152183
501.0	-0.002399208560738902	-0.0003822592284065941	0.0020314752168663695	0.0006903497162482633	-0.0007946029563565042
502.0	-0.0016010711089716992	0.00028340385301587386	0.0024270852659610417	0.0009739459249747669	-0.0006943983164096561
503.0	-0.0013079359086252762	0.000505001735079858	0.003641863019454288	0.0014824237578521182	-0.0004177061924375841
504.0	-0.0010692194006380062	0.001486085822620345	0.003868151445293079	0.0017363227195611773	-0.00012162791219544396
505.0	-0.0004656328383160258	0.0016346585501474287	0.003967779785771364	0.0017399689166026837	-0.00012423453697647753
506.0	-0.00017558665258999933	0.0019694216791133028	0.004233044211077859	0.0023002442726628154	-0.0005443860374942982
507.0	0.00012209388435528566	0.002201179873915074	0.00467066367029359	0.0019765819266877108	-0.0004903332234294154
508.0	-1.228270226613133e-05	0.0018940046887614677	0.004546073728709407	0.0017782793503644508	-0.0005917807151233707
509.0	0.0010369893171357854	0.0033643346406882204	0.005829637263823149	0.0031715773635121658	3.003805310048954e-05
510.0	0.0014530371156830418	0.003170465313714836	0.0060618632114756155	0.0029406835594916114	-0.0003906095599518982
511.0	0.0018245101560214006	0.004101100234054654	0.006516152366382357	0.003670233240403886	-0.00011004361201296926
512.0	0.002421342225072699	0.004642615654504651	0.007085900477425705	0.0035037907325875537	0.00040443766955266483
513.0	0.002303777536034789	0.00466065126214274	0.007511913874112935	0.004018235812385496	3.9678518299406135e-05
514.0	0.0025147873374306903	0.005014112623760888	0.0076823389551839575	0.0038737978347159305	-0.0002873724635415838
515.0	0.0026548263061869754	0.004891411558884536	0.007544494343906716	0.0035749306793149646	4.757073476162376e-05
516.0	0.002979148851146506	0.004998075931864002	0.007803741836694865	0.004261227994642283	9.060246296268927e-05
517.0	0.0034344068000646084	0.005909529331401101	0.00858704096677918	0.004629325824884662	0.00021219392779902896
518.0	0.0032483672853998555	0.005704747437479393	0.008452156280189993	0.004248217644331405	-9.512651271041729e-05
519.0	0.00443640467816703	0.006579989403006536	0.0093046111881765	0.0047991312619581235	9.900237104670132e-05
520.0	0.0040909788830526825	0.006507091460767842	0.009388720366765543	0.004985207582301161	0.0004593555019876412
521.0	0.00463336447231055	0.007194972674779617	0.01008374938152277	0.005465945832816949	0.00036458666247202615
522.0	0.004979599580680494	0.007641616437804248	0.01049310384713888	0.005629594838990443	0.0005882887511536026
523.0	0.005143492111949928	0.007810992687708166	0.010495319524527353	0.005328288419393843	0.0005333525111830717
524.0	0.005661192057376342	0.008218099938911205	0.010913858049690014	0.005916136591106852	0.0005294824958971213
525.0	0.0058216839277875545	0.008834155573585684	0.011402878014071098	0.0061867901585198875	0.00022477316025216267
526.0	0.005582107188802828	0.008316647886489757	0.011300209794424773	0.005959586638181949	0.00010054917515134067
527.0	0.00618446164111648	0.009398244695031355	0.011832550812928059	0.006783838029651589	0.0005993701652344764
528.0	0.006413639711035787	0.009310968764045682	0.011967930424170452	0.006533462792760878	0.0004925989857316068
529.0	0.00692138571409206	0.010002673780323441	0.01256043726246315	0.006892274482226667	0.0007034812593595472
530.0	0.006787865029643412	0.01032765038526147	0.012567463478001452	0.007028272870217663	0.00067882249771259
531.0	0.007131345713495	0.01004766566769899	0.01276922322414584	0.0068516211236554145	0.0009070823975991468
532.0	0.006867245147723197	0.009768258932587287	0.01276418739515237	0.006649294522079486	0.0006928789854926875
533.0	0.007438022699389761	0.010656371584656339	0.01314724727930849	0.00692459774260055	0.0006946145527340166
534.0	0.007463510418189118	0.01056031866952152	0.013179446860885513	0.007114740617037041	0.0009389106394727583
535.0	0.00772845772501766	0.010648991361197676	0.013160861452690227	0.007255158050024645	0.0007988724685559557
536.0	0.007824094495901521	0.011246807175190977	0.01355024650787943	0.007480723007056879	0.0008123163279517543
537.0	0.008123695531697603	0.011276846488876256	0.013543251627244863	0.007615127609611901	0.0007443692042324456
538.0	0.008456179650902557	0.011697125328195727	0.013835676489647912	0.007752068891059265	0.0009351584148154309
539.0	0.008694169513037775	0.011585146314655667	0.014069580330593582	0.007851854829048986	0.0010505772526321236
540.0	0.007951022182222305	0.011308950918033118	0.013579794607757803	0.007022762801934788	0.0007291864824077146
541.0	0.00919954451202138	0.012396733622942708	0.014468502449618826	0.007975746196887266	0.0012745308415457522
542.0	0.008933856160650889	0.012206426050684976	0.014198224527200787	0.007927800095160665	0.0010588362430250802
543.0	0.00917835968576591	0.012345509519143181	0.014230050342832645	0.007926391322852484	0.0009827061952939363
544.0	0.009136654357621577	0.012508124986631225	0.014314677734904675	0.007988292619141383	0.0008616380635843681
545.0	0.009230645102213204	0.01251512256672786	0.014168977072030428	0.007876902111519958	0.0013265943578892538
546.0	0.00954980883765299	0.012465865302735132	0.014245097448200971	0.00794429044540983	0.0011371235493521435
547.0	0.009596999386130163	0.012880153421376564	0.014145055124087019	0.00795822852512008	0.0009216550305886469
548.0	0.00941742070769714	0.012476202430838194	0.014112667872825661	0.007786946899922037	0.0013732604821398854
549.0	0.00990593426812323	0.01326507994236657	0.014489124637459315	0.008068105045312373	0.001525674027486525
550.0	0.010310176510872642	0.013522301941904766	0.014630450689718843	0.008722243243728398	0.001493276422393452
551.0	0.010357187917061793	0.013146923781256044	0.014263956386888103	0.007903807382459547	0.001141621163664011
552.0	0.010239488149042053	0.0130159978799223	0.014214807150848233	0.007470992953233223	0.0010469587625315307
553.0	0.010625784112581929	0.013828344867723233	0.014661983427389282	0.008336691977452699	0.001298485479497106
554.0	0.010653904358708645	0.0135040977889978	0.014082168486809394	0.00821534425192858	0.0011727314637891304
555.0	0.011090606659775336	0.014033726380170738	0.014577582223409814	0.00852534813921062	0.0012042486049363115
556.0	0.010829726951651523	0.01417031012266421	0.014739611743310963	0.008253266481094637	0.0010994019342913254
557.0	0.011197093258052938	0.013864348544835408	0.01438796381828316	0.008213709307708764	0.001314640956727228
558.0	0.01119790182442339	0.013956774349927835	0.014411912627357885	0.00814633428971902	0.001195145510701814
559.0	0.01144042000162232	0.014355594254983634	0.014494775388017698	0.00826384824138144	0.0013830502489195421
560.0	0.011631437879201928	0.014058968260075775	0.014246630336171713	0.008054302525115253	0.0014790099480990098
561.0	0.011217187719949305	0.014336426079401086	0.01420341372679418	0.007956032866933724	0.0012425166832764462
562.0	0.011420834913639596	0.01420301011386543	0.014321503953934648	0.008120291769823129	0.0015483584041581548
563.0	0.01139422103238907	0.014253807889912175	0.014278949034255852	0.008337330248013329	0.0013258268402300466
564.0	0.011136573270277927	0.013906115002488352	0.013471204698756746	0.007710270387070948	0.0015518981429774625
565.0	0.011730814144815091	0.014643468226944383	0.01425272917486753	0.008354827781929936	0.0013294946412507418
566.0	0.011428796962180462	0.014349802147457187	0.013644880586917197	0.007807072912157247	0.0011540721452900308
567.0	0.011170121492917965	0.013801182338091045	0.013406576486134688	0.007471185830647951	0.0012627336572416654
568.0	0.01192009517069967	0.014517782877225816	0.013662558545159133	0.008136029837689195	0.0013070366208047372
569.0	0.01132709956332282	0.01428769200477991	0.013624648776699288	0.007825780877338817	0.0013206462744794214
570.0	0.011243314384402962	0.013791274384794121	0.013077485959917241	0.007648468942454487	0.0013499135216627782
571.0	0.011666727450314086	0.013988013043424213	0.013305656283554065	0.007687937442942119	0.0014801163600513599
572.0	0.011740443597984913	0.014126930546696576	0.0129956061589417	0.007172007070967419	0.0012704969825143397
573.0	0.011860752230252406	0.01424404962152603	0.013068936437398137	0.00787763215992235	0.0013904082913689217
574.0	0.012177311834870507	0.014527588237519096	0.013548177627995836	0.0077331856985453735	0.0012932603150111847
575.0	0.011404579102964744	0.013986127615924191	0.012846839170297678	0.007795448909167087	0.0014952259592911758
576.0	0.011623506641880006	0.01430328417330479	0.01269845998755166	0.007071460337853095	0.001175683798508308
577.0	0.011309401072838636	0.014060367134811805	0.012612515710329734	0.0070208425698536055	0.0012203820396665638
578.0	0.011497290651568425	0.013645002213917215	0.011817178397633835	0.006847897383460925	0.0010683591508922649
579.0	0.011482534280887299	0.013676811031831002	0.011965386449849184	0.0069138673534463214	0.0014199658372538255
580.0	0.011842481486070068	0.014425332102523702	0.012384641743999565	0.007487185683666967	0.0012524504738000341
581.0	0.012062902198842035	0.01424636132010846	0.01220616322756699	0.007152784290190832	0.0015516652470798165
582.0	0.011448952969831276	0.013533864251549763	0.011554577640972083	0.006494382688045554	0.0014184896430294185
583.0	0.010628060926710217	0.013098656487032578	0.01088165010172769	0.0063398671951831725	0.0010139525263162424
584.0	0.012163675144449866	0.014659055301104888	0.012429325459232272	0.007920215974255377	0.0018428996534754043
585.0	0.011723246675466164	0.013626809361092446	0.011677548494395805	0.006822455539238971	0.001394591678996122
586.0	0.011609465623379531	0.013721367579563111	0.01126751043360095	0.006174175530217845	0.0013264048159724888
587.0	0.011809611766628885	0.013950277579137693	0.0113016107259635	0.006641625271569672	0.0013391674684612531
588.0	0.011922055338228616	0.013854620967574529	0.011891311581215114	0.0071399640954511664	0.0016613620859949646
589.0	0.011796817361345918	0.014099061902247913	0.011693471359235586	0.006914843666892056	0.0014391415578987126
590.0	0.012099281540743311	0.014013640037658866	0.011203638170445352	0.006534348209041347	0.0012938948264973032
591.0	0.011245459939745748	0.01312918887738589	0.010786573469281273	0.005983005543007104	0.0013184446625709577
592.0	0.010829774380599998	0.012486175489070533	0.010482914588683716	0.006277597473351277	0.0009567176205211845
593.0	0.011391749566097968	0.013169317545380591	0.01089466163451908	0.006329682624189495	0.0012995535653173387
594.0	0.01149086981940231	0.013280412541751746	0.010797321488307903	0.006481825590281154	0.0015830085542084885
595.0	0.01086885787350946	0.012972023722228873	0.010271777622360838	0.006063900138141173	0.0011971869354934696
596.0	0.011588160588425574	0.013725348595181895	0.011006827529536425	0.007229055247312198	0.002345422203855896
597.0	0.011409309053238975	0.012990569294763919	0.010121825542006534	0.006085348035775255	0.0011970884492324588
598.0	0.010504524648669905	0.012576529882414022	0.009351576515408888	0.005780884936275367	0.000847986549528913
599.0	0.009909083754698959	0.011536496868156616	0.009002795590849834	0.0055637391356338495	0.0010430977041717855
600.0	0.012164431696568929	0.01407591714180956	0.010624604378520247	0.007034242768685165	0.0017113501457449477
601.0	0.009528991000176335	0.011267131734556316	0.00855013815824605	0.004845506579996193	0.0005214784149767435
602.0	0.008791338122872082	0.010275259748767175	0.007898244836983056	0.005022965495832378	0.0007041532751476971
603.0	0.009375111253649837	0.010826522759893906	0.008154372726460727	0.005345701570629738	0.0012345423160653533
604.0	0.011712253143974952	0.012993767634698464	0.010050011384754056	0.0053279901183841145	0.0012598257653593068
605.0	0.01012084772370669	0.011742270248013251	0.009009580913419402	0.0051677342287191836	0.0011220973455172921
606.0	0.010141665904947583	0.011329344327437905	0.00904925503959375	0.005563337888059331	0.0009434501263433777
607.0	0.010551292735035883	0.011603126166911702	0.008983013307332985	0.0055839749942942895	0.0009887720730550804
608.0	0.008645816104027915	0.009775416826915538	0.007509537778936525	0.004452333371313879	0.0008202071643219526
609.0	0.01058706900162537	0.01203016452597538	0.009210381067478318	0.005687744262966551	0.0015230011262167453
610.0	0.011761325630999991	0.013824991695518787	0.00997375240408733	0.006660434978763506	0.0007867377805576795
611.0	0.012077578328545483	0.012752586266297262	0.009589013896487704	0.005544149089480237	0.000575669997761728
612.0	0.009553479176868123	0.010996706047172481	0.008252469707169724	0.0051243470714831384	0.0014001572340996637
613.0	0.010177353041116485	0.011340149432650073	0.008380712217500141	0.005224457452773128	0.001350633374740502
614.0	0.00850804450918123	0.009380701566124004	0.007001657947370258	0.004435167621160077	0.0006306552495872903
615.0	0.00801162084450478	0.00893675472883815	0.006583210732935474	0.003848395737030932	0.000863302713134582
616.0	0.010751271902416147	0.012286350704352317	0.008414346343508605	0.00516085876045232	0.0011198411644506676
617.0	0.009622250836902085	0.010763833734142757	0.008019419324109434	0.004857661456179002	0.0012392070145997526
618.0	0.010414299767113087	0.010635950406935931	0.00817938075588268	0.005019642159048564	0.0010216393382513826
619.0	0.012052203964557964	0.012567021059038362	0.008892621055963824	0.005754060424985427	0.0016963778466588114
620.0	0.008659338322053994	0.00954635511867959	0.0068137098924438925	0.0041546636498236604	0.0010194806434918238
621.0	0.009814343294137278	0.010930238145062443	0.007527895467586322	0.004520909108036869	0.0009634998512175402
622.0	0.00845516929777754	0.008304431112428061	0.006157697430569626	0.003968770884838035	0.0008383537385915977
623.0	0.009307734161584006	0.008880928979085767	0.006672225321837756	0.004015924285051339	0.0010973884038989702
624.0	0.009662940620532301	0.01018997820796837	0.006515081461535565	0.00389748645425001	0.00011588219693704354
625.0	0.00990519599378682	0.010077097915783807	0.007056592840137965	0.0047644179025605575	0.000339525144957914
626.0	0.012758909473077234	0.012080169638166605	0.008694649482523168	0.005116015477855321	0.0017843019627699856
627.0	0.011749668842160768	0.011873185814955112	0.008315546972306402	0.004866066361156014	0.0013058969974465405
628.0	0.008767902817034734	0.009651638170146167	0.006326136393830367	0.004324216746652268	0.0008204901175898298
629.0	0.008960097973776861	0.009379841323885165	0.006336092826914472	0.003704695394855781	0.0006785384793846125
630.0	0.0065308032802012935	0.007370074618165091	0.004807348228471736	0.003244766027382788	1.405517704920322e-05
631.0	0.007521050217672163	0.008233157802682713	0.005628507952031638	0.004153731840973821	0.0004427437809459244
632.0	0.00818117680343431	0.008888150262504375	0.006104942532796383	0.003924094587902457	0.0003855848935017487
633.0	0.008692526787573414	0.008217675438725126	0.005838407141919462	0.0035834033277587574	0.00047522391113504354
634.0	0.010529264752281813	0.010819158388793475	0.00770543161141694	0.004665337140256155	0.0008011392369709142
635.0	0.010084822987359859	0.01018189079617586	0.006364347664838614	0.003966529698590933	-0.00018283287456465126
636.0	0.010055700504526756	0.01039277886274189	0.007955456774005545	0.004991619847076294	0.001349209181455115
637.0	0.007960613098529148	0.007897285433029394	0.005513510058669818	0.003968996811380396	0.0003520284416467597
638.0	0.007928061207210894	0.008322413563220048	0.006368033641131724	0.0037883432158228925	0.0009181466091078939
639.0	0.009999025345966889	0.00995523219891429	0.00638990574619122	0.00461476437348036	0.0004273281976107316
640.0	0.011197736940611793	0.01194610383394342	0.007454339999882566	0.005219963549826849	0.0012599169331925114
641.0	0.00839738769810838	0.008443280554803447	0.006038621635836925	0.0037546631455393107	0.0010072938518745466
642.0	0.0098952241635687	0.00973028683531784	0.0068960274174593205	0.0041758151066809135	0.001309730328754293
643.0	0.006721530655081951	0.007016801186640241	0.0045985919452324634	0.0029630295533093565	8.254101283974386e-05
644.0	0.006216408528020715	0.00567641488809894	0.003946014508122887	0.002164809810634417	-0.00088811350602781
645.0	0.008095547649587188	0.008461131906060102	0.005406305396553998	0.0035912006248335696	0.000572089666526382
646.0	0.007014176305374048	0.006786509114876503	0.004905743093956368	0.0032723711844880217	-7.386282540982811e-06
647.0	0.006606495719390528	0.006845332424321927	0.004801346125308322	0.0033896034257355923	0.000215644750245498
648.0	0.007706541740700327	0.006868209253854988	0.0045251288527993015	0.00309194693486395	0.0003468229364091315
649.0	0.007738720056302688	0.007596726812983767	0.00544980697690116	0.0035962732845763487	0.0009869616046835048
650.0	0.00851449263099332	0.009314829946773625	0.006026500364129896	0.0036304200166996496	-0.000538175004067282
651.0	0.005919884879753738	0.00618813069906745	0.004506495998355816	0.0024531997603151447	-3.963779875385703e-05
652.0	0.007952932627203013	0.008159535618432301	0.006160131288900474	0.004330355410257243	0.0006855513509293196
653.0	0.006978756976988401	0.006850196501549261	0.004600175733660202	0.0027134849289830957	0.0003875187256180073
654.0	0.00884063338358277	0.008099498194298043	0.00551684723883301	0.0040538180619572525	0.0004203027942918366
655.0	0.006902126744935461	0.007012260818490181	0.004858103996920003	0.0037520646003586797	0.0011309096605050376
656.0	0.008402769826704619	0.00684427371373798	0.004626076673514837	0.003130895906269692	0.0007209817655667671
657.0	0.007377563689257059	0.007891032730395472	0.0055478183558111405	0.003509942794648194	0.0007797519486796786
658.0	0.006852526994085973	0.006322089140982301	0.0041816789284245875	0.002689857415696633	-0.0001730409223514526
659.0	0.005994193309814144	0.005829680588471403	0.0048489845749882625	0.002587276766519972	0.0004994001614812443
660.0	0.0058992089316918855	0.005295998977122136	0.0034583856974654786	0.002596218085694584	0.0004695339765157547
661.0	0.008316910685182735	0.00789496779117331	0.005485029653713525	0.003931173765929728	0.001119340441254141
662.0	0.006757927045282477	0.006811831996158035	0.004925880586080376	0.0032398813194235284	0.0009213437309989365
663.0	0.00645585066155157	0.00614324594669896	0.005331052581603977	0.003192964615783718	0.0007365280355388745
664.0	0.00564066996765291	0.005826451310037109	0.0035980305496115385	0.0021619004364258143	0.00026500746863630266
665.0	0.007261608759759003	0.00711449993890403	0.0038664376539899905	0.003123187980772023	4.684848760991316e-05
666.0	0.0070570072711685	0.006097484847684685	0.0043724238721340606	0.0030542517802542293	-2.4778839113698053e-05
667.0	0.006648059223146719	0.006373640852084873	0.00485065844977512	0.0036532426145586896	0.0010821020719761383
668.0	0.006911353956885436	0.006019699087894379	0.004170266883541282	0.0023967123714651673	0.0001876313929517745
669.0	0.00688054015622634	0.0066998893161105836	0.0048051182152369296	0.0030208956042012797	0.000535962057325413
670.0	0.007322722602414258	0.006938991676555465	0.005187760338579454	0.0023759702570265847	0.0002663985369078199
671.0	0.005519893523271114	0.005331549936093038	0.004831701574795844	0.0030547164255226083	0.0011533224544441052
672.0	0.006489645199215034	0.0057345370134408505	0.0038013175678704267	0.002697747501348168	0.000247934140973751
673.0	0.006746164194684227	0.006090864095883222	0.004580515573394642	0.0026549830324172873	0.0006094106608687054
674.0	0.006395860404576876	0.005710057719472125	0.0036726748191346042	0.003029955126432812	0.0002617611828482836
675.0	0.006424848809512542	0.005950306218195848	0.0041280297995122455	0.0024968741083731876	0.0009189462330415053
676.0	0.006116028187892825	0.0048364714966493295	0.0035210915914528173	0.002092233147146118	0.000671750169216239
677.0	0.007449413912501458	0.006342252228929337	0.004736200965912554	0.0029019227351844007	0.001209656682942141
678.0	0.005853498099166625	0.005096921003718169	0.0037812880524099486	0.002472438553449591	0.0002822634096056382
679.0	0.008113195818369213	0.00749195810898934	0.005613057050276991	0.0035530337748782177	0.0008248126145079638
680.0	0.006750117649251424	0.006369263283510009	0.003942036346947486	0.003278869731780866	0.0005141291124401103
681.0	0.006264608001599186	0.005773900730607956	0.003735886918815313	0.002783963327958022	0.0004839995089405241
682.0	0.0063551260552143825	0.005590383961662265	0.0042472623823203845	0.003408054659218041	0.0007965123367599005
683.0	0.008031667937118594	0.0066840171226704975	0.004734896200280525	0.0027293666000826663	0.00048752098429481934
684.0	0.007753121861546776	0.007155198540170101	0.004764650524822651	0.002743514717168819	0.0005714532792997038
685.0	0.0061180588888483335	0.005516934751121491	0.004172525696213165	0.0023883538158594106	0.00046623114459025595
686.0	0.0073967502290274365	0.00681912145730204	0.005113283980899297	0.0033924025430645535	0.0012558451894168832
687.0	0.006891922603536736	0.006540585432539749	0.004316401783321958	0.0027777254068818914	0.00013324158703774186
688.0	0.007933828454634584	0.007361737055874609	0.004798701158096779	0.0035404756407734187	0.0008388062533249763
689.0	0.005734886272937557	0.0049907264221402195	0.003140754290046647	0.002083958067225007	0.00013276883290668407
690.0	0.006668538878745066	0.006194047787307814	0.004563556441078635	0.0026321324225064813	0.0003682809564443973
691.0	0.005016062985693158	0.005144973332653785	0.00328601340315807	0.0021322595657032777	0.00025524171580845094
692.0	0.00584813021324342	0.005182158129035918	0.0032560542021831586	0.0023743016966031503	0.00047694498652350073
693.0	0.006200079784347354	0.005734009506838873	0.0038684117187597626	0.0024415990541239944	0.0009187303526049937
694.0	0.006429635837060825	0.006240103023375592	0.004231629349301812	0.003167765935745871	0.00028943123404029576
695.0	0.005685989829759225	0.005161025081691219	0.003742099020489029	0.0025022261310130066	0.0005153574836019561
696.0	0.0054339561054942654	0.004731076698804262	0.0030026356425022225	0.0016736895678876895	0.00023292692729157355
697.0	0.006114830505417903	0.005672780851406253	0.003981642825287818	0.0024872601481371365	0.0005089726039677122
698.0	0.006042973299336708	0.006118063871007073	0.0040698758154650815	0.0031551751459701193	0.0009733255486190206
699.0	0.005655224423551964	0.005481029700866361	0.003523774690401775	0.00241898427022514	0.0010065922834838527
700.0	0.00571371889932708	0.005108648805617219	0.003305530843303962	0.0017158292707441414	0.0002984972230839557
701.0	0.005324936547952737	0.005315357305523211	0.0035816113852353716	0.002255556985327059	0.0009098864711582034
702.0	0.00572472653264519	0.005631100656874878	0.0035348794381151933	0.002797499154947096	0.000619235723719884
703.0	0.00615244004215609	0.005683086023133391	0.003944436418110256	0.002695129810608419	0.0009676309609015505
704.0	0.005646035157514901	0.005111613067603389	0.003795460950107127	0.002425671779252861	0.0004519431697389473
705.0	0.006040042534458005	0.005460892342183802	0.003721884856105006	0.0026989060263784333	0.0007899287147635113
706.0	0.005616181547635113	0.005322345003091422	0.0037166692674740383	0.0028907308073781697	0.000637710104415719
707.0	0.005552443896878177	0.00495756556536597	0.0035458438565758323	0.002350167919611997	0.0006874658126360143
708.0	0.006042552859089962	0.005223767941764547	0.0037801515968716917	0.002383175666662436	0.0010554070258546426
709.0	0.005594498939525205	0.0048235980117923676	0.003859347868825542	0.0025649962320544563	0.0007201938527552326
710.0	0.00575446480075776	0.004968755444522594	0.00327730226184362	0.0024953363855903074	0.00077905701090171
711.0	0.005878936837532809	0.005220057796259099	0.0037518394872607273	0.002421273488795402	0.0010124538352823589
712.0	0.005326745018092404	0.004715678293729352	0.003346382131386225	0.002186183942835567	0.0007298166048536368
713.0	0.005308185843483972	0.004963178499977153	0.003363882953538745	0.00220894734495193	0.000781674494672104
714.0	0.005469956962947149	0.004690168820303826	0.0031068937204618355	0.0022903457891036982	0.00035194619353664624
715.0	0.005409306537339214	0.004696270086834548	0.0033090573806628496	0.0023296955197786608	0.000775483417275657
716.0	0.00485887027785255	0.004527883578095199	0.003140822395534014	0.0021828906648482943	0.0006641711402094622
717.0	0.004872099319655156	0.004464652020498184	0.003089737772806706	0.0019174082674362023	0.0006486267375672394
718.0	0.005627447398822013	0.004864144204195477	0.0032477475398196716	0.002267497684445658	0.0009332604761594545
719.0	0.005181108559113143	0.0043770680588339625	0.0032801533528491523	0.0021012335506700322	0.0006392590169337196
720.0	0.0049882365991953	0.004485400325451408	0.002941115841437889	0.0017384476754029278	0.000503563672066688
721.0	0.005169760863741867	0.004751954584514615	0.003155122514853694	0.0019522331265596818	0.0004212065332014594
722.0	0.005384426047059117	0.004702468839126388	0.002881542113489235	0.0016379570841803725	0.0005107081634131556
723.0	0.0055999795677730375	0.004632659594687406	0.0030389678912162038	0.002166958488009017	0.0006805056004960556
724.0	0.005115187982868088	0.004602778729907602	0.002948208215701064	0.0019944370167963	0.0004947107164367332
725.0	0.005759999455863986	0.004792191296340415	0.003178418305011199	0.001958213464162125	0.0005884110844039354
726.0	0.005231616073504562	0.004237110385890094	0.0032697599542230523	0.002075031169760924	0.0005772692709203899
727.0	0.005432021927939838	0.004733106186417889	0.003604139442180461	0.0021803991734771085	0.0007242378060271645
728.0	0.005260343336246344	0.004692466830443493	0.003032777283041696	0.0017625104333918635	0.0004490709044254188
729.0	0.005029136156034497	0.004536549856569039	0.002723248943341607	0.0017655077358314569	0.0005121849145497591
730.0	0.005154105868090746	0.004280301031000426	0.0027442388588464544	0.001759171774444632	0.00043251808379114927
731.0	0.005297091414608101	0.004713713752138467	0.0032736703609864398	0.001915740242545623	0.0007216598085265945
732.0	0.005207839312534155	0.004252310684534074	0.0030361284077253074	0.0020862574321524165	0.0005583144595700336
733.0	0.005261807244972874	0.004352784280613718	0.002922610841570945	0.001981569030814387	0.0007611323755444463
734.0	0.005182533660554125	0.004516003281099801	0.003206897640382388	0.0021010133944506047	0.0007684663060802537
735.0	0.005211838560586729	0.004404698602382783	0.0031546032612150376	0.00231767587340529	0.0005530590262199473
736.0	0.005174452207857514	0.004113089485013311	0.003173258881220633	0.001784765165179741	0.0006098526989477627
737.0	0.00500509455042512	0.004326538462800561	0.002983378577739315	0.002184039386539408	0.0007013162488084713
738.0	0.004944956797055986	0.004311074278758452	0.003108727524540738	0.0020884530692528267	0.0006172830452835191
739.0	0.004978778034194018	0.004187095073068327	0.0029494167087219707	0.0018248665465779822	0.0005222364177113752
740.0	0.004923948182461618	0.004002561216173194	0.002350706006630632	0.0017170636764460394	0.00045113293760304916
741.0	0.005202185929647934	0.00446905256727967	0.003192598110297308	0.002109976707212276	0.0008261886316018134
742.0	0.005015634352578529	0.004157603028472514	0.0030861403523513055	0.0021392260742032817	0.0004396729195036876
743.0	0.005152069196839193	0.004379517335545436	0.0030667187618413235	0.0018134523502358463	0.0006748631181855111
744.0	0.004433462566540505	0.00393526501577488	0.002596696678222387	0.0016066994395136755	0.0005307242092843729
745.0	0.004870927137774045	0.004199233231046361	0.0029600607897741285	0.0017855100475878236	0.00037852768574559917
746.0	0.004552620105883277	0.003922023078126887	0.002934200545920556	0.001709449924763504	0.00011071793275471842
747.0	0.005052440268259493	0.004184668265109901	0.002730229800850417	0.002044507214444624	0.0006782187497767224
748.0	0.0049735679958597	0.00421211981062847	0.0027497565024691487	0.001663115478376687	0.0005040648905415652
749.0	0.004846064409183727	0.00414325633663063	0.0029187231789313383	0.0018599941503003737	0.0006748388488958547
750.0	0.005047836624822766	0.00445284762379799	0.003051759662992094	0.0020811626696220606	0.0005295753001502111
751.0	0.004740237098291448	0.004197059089484021	0.003115671395813881	0.0018451911899447226	0.000718064656365447
752.0	0.004578092546893727	0.003992914700168715	0.0026585695850654175	0.0015850659240075633	0.0005132380020723881
753.0	0.004830667717819919	0.004244437834596051	0.002855412700218944	0.001918714864716933	0.0005776707213875977
754.0	0.005015104844573091	0.004379047155817709	0.003231030001724206	0.002035109841732771	0.0007250157048510398
755.0	0.004687571791853136	0.0041360331878480035	0.0029162381702342224	0.002034251050339769	0.0007832211587285808
756.0	0.004535889416202771	0.004041589372161168	0.0027687463628478944	0.0017024564267539956	0.0005249664920421066
757.0	0.004712021467966105	0.004136470363879672	0.0028530152369680636	0.0018773968974219435	0.0006379439493165665
758.0	0.004706826428336317	0.004030120139971878	0.0028121076351575	0.0017463642439917012	0.0005230278066614852
759.0	0.004685830634827524	0.0038814426298690342	0.0028256980267175502	0.001923429724267471	0.0005324815916020116
760.0	0.004531966823636554	0.003947828239658181	0.002680605382054727	0.0017712565534317285	0.0006107970292841486
761.0	0.004620299688008764	0.004068784594071193	0.002749306827424726	0.0018425162257867038	0.0005526288927816405
762.0	0.004613833092794793	0.004072702550438874	0.002685866035066474	0.00186179792387104	0.0006419547500129038
763.0	0.004597845150404501	0.003856712583730375	0.0029027904740699215	0.001814028379454399	0.000617361875223726
764.0	0.004363015602372001	0.0038574960359171687	0.002587933054331965	0.0016182104867299377	0.000563297169280597
765.0	0.004621903599961135	0.003780943678509228	0.002665668147907204	0.001689282369907921	0.0005901414158826314
766.0	0.004316195885925779	0.0036572959828792143	0.002583572380236151	0.0016440265242244618	0.0005225144019680575
767.0	0.004504331659704627	0.003922488265222316	0.0024977022882444132	0.0016436968884591377	0.0006031499290461964
768.0	0.004291635765688843	0.0037775915315031074	0.0025632143054536457	0.0016190058263126572	0.0004983832408938855
769.0	0.004270211623622305	0.0034999168230034072	0.0023909295442092805	0.0014204912940695277	0.00032204753510286783
770.0	0.00442108222394604	0.003921438318321401	0.0027657583581484355	0.001680476870492718	0.0006651201141770122
771.0	0.004404221710687983	0.003756299358084044	0.0025342229272482327	0.001724050290969179	0.0006315838154608576
772.0	0.004358494798489262	0.0039215060152412076	0.002563215436904275	0.0016260626911843525	0.0005833836506770218
773.0	0.004327762675133031	0.003744461326687317	0.00245210426335524	0.0017049262721991181	0.0006116811990290933
774.0	0.00447536515590344	0.0038422501572527457	0.002757465458706601	0.001739001881314956	0.0006752428868709659
775.0	0.004408858357969846	0.003872203834008634	0.0026911141053115257	0.0017409282881301435	0.0005770291533464675
776.0	0.004359898915969667	0.00391336871751052	0.002611901747096555	0.0016544325681971837	0.0005596511722320989
777.0	0.004293640941230838	0.003638453062589622	0.0024353795520307506	0.0014911775916903623	0.0005759887039971095
778.0	0.004248908233170289	0.003738853307247614	0.0024888047169119836	0.001527000991304974	0.0004912481319867015
779.0	0.0044786566876942715	0.0039106265589263	0.0025763658151758293	0.0016438704149047763	0.000613744708279492
780.0	0.004427975444719055	0.003675278223623875	0.002550479027047319	0.0017230235467246388	0.0005854239839206972
