  -7.7509390e+05
  -6.5876340e+05
  -4.7591120e+05
  -4.0453190e+05
  -3.4387710e+05
  -2.9233550e+05
  -2.4853780e+05
  -2.1132060e+05
  -1.5282130e+05
  -1.2998520e+05
  -1.1058010e+05
  -9.4090530e+04
  -4.9456220e+04
  -4.2150320e+04
  -2.2374550e+04
  -1.9137580e+04
  -8.9415080e+03
  -7.7228120e+03
  -5.8072240e+03
  -3.4252240e+03
  -3.0353310e+03
  -1.3396138e+03
  -1.2630761e+03
  -1.0958088e+03
  -6.3840900e+02
  -5.6459120e+02
  -5.1762840e+02
  -4.6236200e+02
  -3.9732390e+02
  -3.2078620e+02
  -2.3071570e+02
  -1.2471980e+02
   1.7600000e-02
   1.4681000e+02
   5.2284800e+02
   7.6208300e+02
   1.0436170e+03
   1.3749310e+03
   1.7648240e+03
   2.2236560e+03
   2.7636140e+03
   3.3990430e+03
   4.1468240e+03
   5.0268210e+03
   6.0624120e+03
   7.2811080e+03
   8.7152850e+03
   1.0403040e+04
   1.2389210e+04
   1.4726560e+04
   1.7477180e+04
   2.0714150e+04
   2.4523440e+04
   2.9006270e+04
   3.4281720e+04
   4.0489920e+04
   4.7795820e+04
   5.6393480e+04
   6.6511310e+04
   7.8418090e+04
   9.2430130e+04
   1.0891970e+05
   1.2832480e+05
   1.5116090e+05
   1.7803480e+05
   2.0966020e+05
   2.4687740e+05
   2.9067510e+05
   3.4221670e+05
   4.0287150e+05
   4.7425080e+05
   5.5825080e+05
   6.5710300e+05
   7.7343350e+05
   9.1033260e+05
   1.0714368e+06
   1.2610268e+06
   1.4841378e+06
   1.7466978e+06
   2.0556818e+06
   2.4192978e+06
   2.8472058e+06
   3.3507728e+06
   3.9433758e+06
   4.6407588e+06
   5.4614468e+06
   6.4272428e+06
   7.5638028e+06
   8.9013208e+06
   1.0475330e+07
   1.2327640e+07
   1.4507460e+07
   1.7072700e+07
   2.0091500e+07
   2.3644060e+07
   2.7824760e+07
   3.2744660e+07
   3.8534460e+07
   4.5347960e+07
   6.2802080e+07
   7.3906390e+07
   8.6974070e+07
   1.0235227e+08
   1.2044957e+08
   1.4174657e+08
   1.6680927e+08
   1.9630327e+08
   2.3101217e+08
   2.7185797e+08
   3.1992587e+08
   3.7649277e+08
   4.4306127e+08
   5.2139997e+08
   6.1358987e+08
   7.2208007e+08
   8.4975257e+08
