Time in ps	0.525 ps (0.5 - 0.55 ps)	1.5 ps (1.3999 - 1.6 ps)	19.8 ps (19.1772 - 20.4 ps)	101 ps (94.9126 - 108 ps)	1.01e+03 ps (949.418 - 1.08e+03 ps)
320.0	0.023106855483844974	0.023733438894264464	0.02625308563288121	0.02628062593525751	0.02614358811446889
321.0	0.026275683836737136	0.027400403586554965	0.03192443532168154	0.03198096338856012	0.031814201701193916
322.0	0.02243860078246706	0.023589260098630275	0.028217997214208673	0.028277902204170396	0.028130449776686543
323.0	0.020431765903676954	0.022083355909628358	0.02872815083513057	0.028819629535570553	0.02866935232269368
324.0	0.024453261592975922	0.025913142369942962	0.03178611093264354	0.03186398806515155	0.03169783633459143
325.0	0.024118961813364325	0.025469658800143097	0.030903267377545455	0.030974622737942027	0.030813108518139058
326.0	0.024798054969714475	0.026234749059972057	0.03201437911265597	0.032090677244538346	0.03192334346483332
327.0	0.025963981640729647	0.02766600574480173	0.03451330529522044	0.034605287168261376	0.03442484119469334
328.0	0.024108928719812805	0.025518038488145284	0.031186718062056057	0.03126165067296536	0.031098639773352636
329.0	0.026987431204496436	0.02853787507837768	0.03477508677757357	0.03485732033483913	0.03467556015827168
330.0	0.024158956065785095	0.025620928963090792	0.03150234114239372	0.031580483557865045	0.031415810134558464
331.0	0.02502266316112338	0.026845366942879593	0.03417839467257317	0.03427819663715868	0.034099456246057716
332.0	0.02471653248942767	0.026293907676586604	0.032639686464544286	0.03272462679596297	0.0325539873467498
333.0	0.026288802077646424	0.027929143694641008	0.03452818799186278	0.03461624575232676	0.0344357426362432
334.0	0.025230791885082347	0.026844803458135925	0.03333797533021612	0.0334249164090101	0.03325062536631748
335.0	0.0261648696808851	0.028003233891277107	0.03539918942939707	0.03549941622683074	0.03531430790249201
336.0	0.024754651154158435	0.026256547813525957	0.03229857571609396	0.03237888193819294	0.032210045342584835
337.0	0.025018750455328	0.02663963087532479	0.03316046251776589	0.03324792264200386	0.03307455451645523
338.0	0.025919626849964083	0.027422250667370432	0.03346710863615361	0.03354691573679018	0.033371988540181086
339.0	0.026075720386061416	0.027761798048127617	0.03454491520818728	0.0346358696460807	0.03445526420308885
340.0	0.026180151986142042	0.027629462919028677	0.03345975268145636	0.03353617756174214	0.03336130635830463
341.0	0.024101440767700162	0.025552916105717152	0.03139208777805832	0.03146961499253302	0.031305519682797586
342.0	0.025567147956247982	0.026880769214831374	0.03216505456100183	0.03223346659724813	0.032065388256017346
343.0	0.023770958501506276	0.02520388397147557	0.03096843283236897	0.031044979731134882	0.030883098641521695
344.0	0.02311922642256485	0.024383035576544202	0.02946706460875475	0.02953357233643686	0.02937957233667758
345.0	0.02452024146042294	0.025510424931719	0.029493188222923204	0.029542307067024806	0.029388261520744578
346.0	0.02395469160984266	0.024902611158336446	0.02871533874289347	0.028762136588189456	0.028612159166553557
347.0	0.02313357024847301	0.02398328918751439	0.02740089654100636	0.027442071511838247	0.027298977443786312
348.0	0.022334549308435175	0.023040276925353962	0.02587848696220616	0.02591122815233484	0.025776116521133444
349.0	0.024196956235941123	0.024664751715443134	0.026545299195191174	0.026562619253049074	0.02642411100490325
350.0	0.024685336960668717	0.02505490609483022	0.02654012160533136	0.02655120618155015	0.02641275744574274
351.0	0.023268013600816633	0.023484216459546833	0.02435235816517776	0.024354724090720082	0.024227728701529998
352.0	0.02418197394402328	0.024169150978847836	0.02411555009049646	0.024103482159771566	0.023977796847618717
353.0	0.024795352815706887	0.024738554509602717	0.02450793328243141	0.024492889575626987	0.02436517373557455
354.0	0.018714373527104783	0.018495394646097264	0.017612613521570678	0.017590488206231998	0.017498764280688122
355.0	0.021633912848739095	0.02131710910154342	0.020040410855507843	0.020010940198533004	0.01990659505655912
356.0	0.023350080337819996	0.022798935653830364	0.020579038975322678	0.02053443506406014	0.02042736020788092
357.0	0.01930628908288225	0.018933691008676718	0.017432652293885628	0.01740085531847219	0.017310120215504987
358.0	0.019463124639886902	0.01880766565834917	0.01616829872305445	0.01611912858354052	0.01603507692245962
359.0	0.02309023422021829	0.02228309190622642	0.019033007134600398	0.018972867467013523	0.018873935256254377
360.0	0.023881122606439407	0.023336438841281264	0.02114249892945816	0.021098042380549353	0.02098802864769765
361.0	0.022705148529634765	0.02163665906393055	0.017334868499823002	0.017258924333854862	0.017168929316234913
362.0	0.017472863372702718	0.01649105459288121	0.012538524740542446	0.012470323491503996	0.01240529817695015
363.0	0.02260994734421413	0.021349407546200117	0.01627475797290493	0.01618711228886084	0.016102706133001674
364.0	0.0194659096081174	0.018259573472054536	0.013403315042951006	0.013320451549728657	0.013250993323297725
365.0	0.024601266122139056	0.023012320898653005	0.01661590706917653	0.016507246687463284	0.016421171221151415
366.0	0.02311405824586668	0.021463548915315236	0.014819505908365874	0.01470777417364525	0.014631081885355498
367.0	0.021628200982796556	0.020031829187184224	0.013605774238468331	0.01349804691852233	0.013427662637811902
368.0	0.020778836528234684	0.019210727559486426	0.012898480677123946	0.012792878258658954	0.012726171012776687
369.0	0.025069781366306207	0.023239764509663773	0.01587316901158176	0.01574954589430655	0.015667421386530225
370.0	0.02317862725886776	0.021326331610542464	0.013870235935377288	0.013746132671358196	0.013674454771023168
371.0	0.02380287588801926	0.022034526240829272	0.014916202333794697	0.01479694198559715	0.014719784740201018
372.0	0.022055670034145776	0.02041576071948268	0.013814462712410795	0.013703873142182264	0.013632415600215157
373.0	0.02338149743420797	0.021607092227767036	0.014464433781296025	0.01434499969206952	0.01427019905671857
374.0	0.022058928062817954	0.02033663913395546	0.013403821125037485	0.013288191636431725	0.013218901626057405
375.0	0.020291521902475535	0.01862522450628645	0.011917878843251682	0.011806498536196022	0.011744934673399491
376.0	0.019291152934598477	0.01763615840544667	0.01097438142889559	0.010864159200586046	0.010807509076512421
377.0	0.020724732378967152	0.019134965772401827	0.012735566671616428	0.012628664901805219	0.01256281393082494
378.0	0.0	0.0	0.0	0.0	0.0
379.0	0.0	0.0	0.0	0.0	0.0
380.0	0.0	0.0	0.0	0.0	0.0
381.0	0.0	0.0	0.0	0.0	0.0
382.0	0.0	0.0	0.0	0.0	0.0
383.0	0.0	0.0	0.0	0.0	0.0
384.0	0.0	0.0	0.0	0.0	0.0
385.0	0.0	0.0	0.0	0.0	0.0
386.0	0.0	0.0	0.0	0.0	0.0
387.0	0.0	0.0	0.0	0.0	0.0
388.0	0.0	0.0	0.0	0.0	0.0
389.0	0.0	0.0	0.0	0.0	0.0
390.0	0.0	0.0	0.0	0.0	0.0
391.0	0.0	0.0	0.0	0.0	0.0
392.0	0.0	0.0	0.0	0.0	0.0
393.0	0.0	0.0	0.0	0.0	0.0
394.0	0.0	0.0	0.0	0.0	0.0
395.0	0.0	0.0	0.0	0.0	0.0
396.0	0.0	0.0	0.0	0.0	0.0
397.0	0.0	0.0	0.0	0.0	0.0
398.0	0.0	0.0	0.0	0.0	0.0
399.0	0.0	0.0	0.0	0.0	0.0
400.0	0.0	0.0	0.0	0.0	0.0
401.0	0.0	0.0	0.0	0.0	0.0
402.0	0.0	0.0	0.0	0.0	0.0
403.0	0.0	0.0	0.0	0.0	0.0
404.0	0.0	0.0	0.0	0.0	0.0
405.0	0.0	0.0	0.0	0.0	0.0
406.0	0.0	0.0	0.0	0.0	0.0
407.0	-0.03464024956146003	-0.0347490080363138	-0.03518382263738569	-0.03517431073051017	-0.03499089763718628
408.0	-0.03685003332890146	-0.03699250467532313	-0.037562807225085114	-0.037554326104397705	-0.03735850264758758
409.0	-0.03803878175381728	-0.03809540066602146	-0.03832010964184709	-0.03830582303509143	-0.03810608096907605
410.0	-0.0392811547558852	-0.03933168756085432	-0.03953180163154787	-0.03951656308425235	-0.03931050772955717
411.0	-0.0409609231112813	-0.0409563969776949	-0.04093479897398918	-0.040915409176392754	-0.04070205967195364
412.0	-0.04179789577721526	-0.04178535696703133	-0.041731444465415636	-0.04171117406269843	-0.04149367511804401
413.0	-0.04251898301751565	-0.04248522249911085	-0.042345848054142474	-0.0423239432460241	-0.04210324907481454
414.0	-0.043746646056320546	-0.043669121470339564	-0.04335352617049179	-0.04332837187380001	-0.04310244020515494
415.0	-0.04384466378127583	-0.043800390202608015	-0.04361859861341322	-0.04359543223639299	-0.04336810800693371
416.0	-0.04550963561512794	-0.045438783482457806	-0.0451498944629676	-0.04512432562130691	-0.04488902912289143
417.0	-0.04594483714622995	-0.04582489975132947	-0.045338441288827566	-0.0453096672847183	-0.04507340433983262
418.0	-0.04626633242841805	-0.04623759806507434	-0.04611814079836918	-0.04609479482464378	-0.04585443790700873
419.0	-0.04788079871008228	-0.047716263503724106	-0.047050170448476335	-0.04701776546077521	-0.04677259580061047
420.0	-0.04913056044558807	-0.04895762926087996	-0.048257645091222684	-0.048224143441863015	-0.047972683238606165
421.0	-0.04914287414065785	-0.04901320418195244	-0.048487314858796406	-0.04845645335226191	-0.04820378179111792
422.0	-0.04900050385208443	-0.04887299370218835	-0.04835580784351817	-0.04832514486458192	-0.04807315799904213
423.0	-0.04988498950924592	-0.049807444019311864	-0.04949125754734409	-0.04946323772980288	-0.04920531638742569
424.0	-0.049823529207594655	-0.049781587020502574	-0.049608683759855256	-0.049582870144938965	-0.049324324990739674
425.0	-0.05012342607540365	-0.05007702879386801	-0.049886172153802755	-0.049859946125676534	-0.04959995618516229
426.0	-0.0509004356464939	-0.050898882858303504	-0.05088842943042618	-0.05086458356045803	-0.05059935503373647
427.0	-0.05263103898265328	-0.05263013409514178	-0.05262214505580707	-0.05259753128666843	-0.052323266469071726
428.0	-0.051784534453491134	-0.05180508289980851	-0.05188349829312148	-0.05186059161734977	-0.05159016950148172
429.0	-0.05144458616766381	-0.05149111289975874	-0.05167410061640298	-0.05165294141672911	-0.05138360207306546
430.0	-0.05270155675906877	-0.05272816225882483	-0.05283087726272104	-0.05280791314457118	-0.05253255131082292
431.0	-0.052197196913207004	-0.052268813674196724	-0.05255270885874605	-0.052532733004428886	-0.0522588060713302
432.0	-0.05145551518940207	-0.05153858593543843	-0.05186863658120553	-0.05184970734080827	-0.05157934197998654
433.0	-0.05219866968862383	-0.052320107027268706	-0.05280449470898235	-0.05278756523082309	-0.05251230949936789
434.0	-0.05219294186797501	-0.052336075759862294	-0.052907777209414295	-0.05289217738118446	-0.05261637615964222
435.0	-0.05183483879098903	-0.05206687435105348	-0.052996371772266175	-0.05298637633203559	-0.05271008391906803
436.0	-0.051183193329663396	-0.051437926529815436	-0.05245881974102938	-0.052450516572717695	-0.052177018349439046
437.0	-0.0515344748685315	-0.051755041260552415	-0.05263840819630239	-0.052627851447545046	-0.05235342852843817
438.0	-0.051227105579771344	-0.05151539663981698	-0.052671332895779556	-0.05266506166088944	-0.052390444712693704
439.0	-0.050973344857990904	-0.05123790761548359	-0.05229837518304467	-0.05229077111614777	-0.05201810587034213
440.0	-0.05095838359165131	-0.051270430290094274	-0.05252198840080065	-0.052517295468000894	-0.05224344903255368
441.0	-0.05072753485080715	-0.05104541081403048	-0.05232044666507332	-0.05231621797187466	-0.05204342003588286
442.0	-0.049884010404089324	-0.050228031021873565	-0.051608350310173676	-0.05160611424443684	-0.05133701907671229
443.0	-0.049398914035034366	-0.049744318966398096	-0.05113024920926002	-0.051128324162346	-0.050861720385501116
444.0	-0.04985967860647096	-0.05020024876984716	-0.05156668442734619	-0.05156424868284444	-0.05129537181910235
445.0	-0.048928132856422245	-0.04931459266266543	-0.0508657786532128	-0.05086658422631036	-0.050601345267449305
446.0	-0.04860986731427074	-0.0490220541148442	-0.05067679936715543	-0.05067932692968938	-0.05041506440617691
447.0	-0.04813601898563732	-0.04854719689085436	-0.050197921193819744	-0.050200608156245004	-0.04993884186618394
448.0	-0.047917180947123224	-0.048352386624309254	-0.050099823806750834	-0.05010408243856417	-0.04984281947267381
449.0	-0.04672113780839757	-0.04715949774111318	-0.04891972737038889	-0.0489247370103201	-0.048669623628847664
450.0	-0.04698179265516222	-0.04743001971150228	-0.04922993600966317	-0.04923542750474489	-0.0489786940572825
451.0	-0.045841886025290705	-0.04629093237793068	-0.04809423992497957	-0.048100313426215804	-0.04784949892300991
452.0	-0.0449188732752327	-0.04540578578856032	-0.04736155411790932	-0.04737037423301589	-0.04712336592822865
453.0	-0.043312005482252836	-0.043829302112199583	-0.04590747777253986	-0.0459189059911015	-0.04567946622923752
454.0	-0.04380235236599462	-0.0443130322028656	-0.04636453944254811	-0.046375334170002766	-0.04613351440686691
455.0	-0.042271298663450946	-0.042811124015212004	-0.04498004782669032	-0.044993339527820086	-0.04475872604413779
456.0	-0.04173309388730938	-0.04229990406385149	-0.04457746718354309	-0.044592660430867556	-0.0443601362501862
457.0	-0.04013505618355847	-0.040691411765761354	-0.04292703453455044	-0.0429423340393124	-0.04271841532842176
458.0	-0.04026658265195356	-0.04082503000095236	-0.043069059788382824	-0.04308442585494281	-0.042859766219812905
459.0	-0.03914354613076467	-0.039694179273432745	-0.041906855169089804	-0.04192226733855445	-0.041703667668323424
460.0	-0.0389213244770051	-0.039428707773046065	-0.04146735195527345	-0.04148022262405934	-0.04126392795387664
461.0	-0.03738427182220144	-0.037917988264070134	-0.04006273171554217	-0.04007793015063163	-0.03986894760100935
462.0	-0.03753596370439169	-0.038044303855699485	-0.040086913139813565	-0.040100488760515675	-0.0398913885811613
463.0	-0.035833150097729506	-0.03636331410716422	-0.03849388965649351	-0.038509594598653746	-0.038308789985400396
464.0	-0.03580029699460592	-0.03632027760998421	-0.03840987490822048	-0.0384249723562151	-0.038224608997581934
465.0	-0.03421715899844486	-0.03470442249146084	-0.036662487264786436	-0.03667632242511408	-0.03648507723499626
466.0	-0.03387319602143471	-0.03437059657375755	-0.03636948425986857	-0.036384099908481515	-0.03619437848484962
467.0	-0.033349561158174154	-0.0337901059832778	-0.035560232799093865	-0.03557161544519446	-0.03538613064439594
468.0	-0.0325137494196048	-0.03297506459071037	-0.03482884641254964	-0.034841889390561404	-0.03466020967678453
469.0	-0.030898965987601893	-0.031361503867141496	-0.03322033961310563	-0.033234210854834925	-0.03306091422767052
470.0	-0.030998923877392028	-0.031390353028823786	-0.032963018137024507	-0.03297249367451253	-0.03280056174663339
471.0	-0.029349958325836322	-0.02971582637555558	-0.031185762322667576	-0.031194443956120553	-0.03103178349915023
472.0	-0.028470602150706736	-0.028804966206972135	-0.030148193480937627	-0.03015535862752016	-0.0299981163820236
473.0	-0.02734090281134297	-0.027673848777074773	-0.029011462555838946	-0.029019068105468924	-0.028867750938680735
474.0	-0.026660100367245847	-0.02699274241615684	-0.028329189381128852	-0.028337094015527003	-0.02818933293768067
475.0	-0.02542672873497168	-0.025761696577058884	-0.027107605096797615	-0.027116227487973633	-0.026974832502362864
476.0	-0.024785798733132906	-0.025103357313339375	-0.026379258799491694	-0.026387115494806303	-0.026249522394238167
477.0	-0.02380726805333367	-0.024106051227862232	-0.02530647580403269	-0.025313640778618182	-0.025181645209714856
478.0	-0.022626742185724927	-0.022893581390512376	-0.0239655515775563	-0.023971313686253895	-0.023846317554121095
479.0	-0.021401011443643463	-0.021627752062260176	-0.022538455025674368	-0.022542336619378794	-0.022424791752053228
480.0	-0.020690723457979888	-0.02089972108936518	-0.02173907973969731	-0.021742207590117836	-0.02162883491940595
481.0	-0.019530472863418902	-0.019725959424220722	-0.020511041403923538	-0.020513884297457718	-0.02040691660156707
482.0	-0.018479116572484126	-0.018703545388850287	-0.01960518634052654	-0.019610289942298537	-0.019508033953126704
483.0	-0.017610278581854516	-0.017795351464838897	-0.018538684364977107	-0.018541786341484033	-0.0184451019625618
484.0	-0.016880667021710767	-0.017051152977392667	-0.01773584407159378	-0.017738394348443536	-0.017645899180550005
485.0	-0.01576770050153014	-0.015951277254102544	-0.016688741489935714	-0.016692611736336287	-0.01660556970227986
486.0	-0.015335717119066164	-0.015468237568159151	-0.01600027194529497	-0.016001221120284348	-0.015917784276729782
487.0	-0.013541492633560812	-0.01373764168015904	-0.014525884407599835	-0.0145315623665022	-0.014455788918574766
488.0	-0.012533653349243019	-0.012732290517192359	-0.013530629425837944	-0.013536929832881605	-0.013466342801574563
489.0	-0.01189550414059106	-0.012053173135405892	-0.012686696811120775	-0.01269078934430706	-0.012624614431977734
490.0	-0.010899512951599228	-0.01107294682393188	-0.011769995263567734	-0.011775516732624502	-0.011714114422165585
491.0	-0.009979405189685094	-0.010137758231387094	-0.01077419298885966	-0.010779221439127334	-0.010723014215585396
492.0	-0.009320234721540237	-0.00947413744069921	-0.010092717244573106	-0.010097781088566588	-0.010045127170831818
493.0	-0.008797260255525624	-0.008949673438049326	-0.009562302109069774	-0.009567518879564803	-0.009517629963617071
494.0	-0.007733433641475463	-0.007902963113600683	-0.008584560630630888	-0.00859132064337717	-0.008546522020166872
495.0	-0.006805207270455276	-0.006940791878426781	-0.007485861979458673	-0.007490979023437459	-0.007451918026797275
496.0	-0.006590346694810023	-0.006725512542805118	-0.007268915179082669	-0.007274106868531711	-0.0072361767310886015
497.0	-0.005726285583109432	-0.005866828639618951	-0.0064319421147532	-0.006437865862017528	-0.006404296223662707
498.0	-0.005120595394054254	-0.005272297430558849	-0.005882367946673838	-0.005889256809458267	-0.005858547840763524
499.0	-0.004362314209076008	-0.004502130989063978	-0.005064434383201085	-0.0050709501601851085	-0.005044508173574539
500.0	-0.0040170844272867726	-0.00414792547032762	-0.004674136383231158	-0.004680264286855663	-0.004655859494520038
501.0	-0.0031476221530880766	-0.0032676338580070047	-0.003750336158239359	-0.0037562074355632206	-0.0037366210496691168
502.0	-0.0026227681402517422	-0.0027393503554427063	-0.0032082947377691127	-0.003214201169653081	-0.00319744102381157
503.0	-0.002454230789748654	-0.002556054796960193	-0.0029656217429844113	-0.0029707041939874834	-0.0029552137399299467
504.0	-0.001869066931535445	-0.0019549308704271125	-0.002300318156382266	-0.0023046975239619347	-0.002292679898250079
505.0	-0.0012910592117738133	-0.0013768403256905156	-0.0017219420450950182	-0.0017265860540364732	-0.0017175829355261765
506.0	-0.0010376049693242256	-0.0011074886672966873	-0.0013886354578041488	-0.0013924254345477351	-0.0013851647647570625
507.0	-0.00028870758589660193	-0.00033581488600305264	-0.0005253646318076895	-0.0005281110338694632	-0.0005253572491969792
508.0	4.2511424621367724e-05	2.983514683567927e-06	-0.00015609190158918666	-0.00015852929425890283	-0.0001577026583665173
509.0	0.0005326551773220262	0.0005072316447321732	0.0004048758927008727	0.0004030724258166711	0.0004009706430308632
510.0	0.0008492582318157324	0.0008306426145508678	0.0007556577583053276	0.0007541229368636184	0.0007501906346238927
511.0	0.0012685812827931723	0.0012634798303564165	0.0012428453000757848	0.0012419413525780656	0.001235465367673527
512.0	0.001614210108837802	0.0016316906368232412	0.0017019040698041728	0.0017022199773801337	0.001693343913430973
513.0	0.0017601484182354684	0.0017896957382404874	0.0019084574269622116	0.0019094432514770725	0.0018994866415051376
514.0	0.0022012270962580493	0.00222920945990043	0.002341636870525419	0.002342321167280548	0.002330107356642627
515.0	0.0026642749500432475	0.0027092762864713207	0.0028901547865601354	0.002891663911262813	0.002876585605211081
516.0	0.003007082970550189	0.003067229244578089	0.003309027099042212	0.0033113025400089155	0.0032940360682987896
517.0	0.003600650799241912	0.0036728630167413264	0.0039631687363874965	0.003965905171804161	0.003945225337018179
518.0	0.00339872839288803	0.003480043173000946	0.0038069969542355525	0.003810384329111849	0.003790515442951882
519.0	0.003738443498706358	0.0038396805636253216	0.004246779401262534	0.00425122672169132	0.004229059104867608
520.0	0.0039712060955576145	0.004069023521139544	0.004462341499971087	0.004466471062239373	0.004443181074300121
521.0	0.0043582479521176495	0.004464413777467509	0.004891296194878328	0.004895755751964331	0.004870227299897896
522.0	0.004455493447431356	0.004582465808961866	0.005093071798524077	0.005098758522557046	0.005072171531884606
523.0	0.004755383832930112	0.004875715769053211	0.0053595739668908324	0.00536471462428059	0.005336740830842481
524.0	0.0049281491620418215	0.005056314633068134	0.005571683002224391	0.005577222149530499	0.005548140255843692
525.0	0.005460466936826767	0.0056081625163377875	0.006202081799689671	0.0062085670354845605	0.006176193054025291
526.0	0.005354329511985951	0.005512921278134936	0.006150698780118186	0.006157899960047668	0.006125790177231808
527.0	0.005663205499550361	0.005848493009716627	0.006593676502308913	0.006602366287557145	0.006567938877416465
528.0	0.0057914677607519465	0.00598209056884029	0.0067487342704158	0.006757690517352276	0.006722453183810095
529.0	0.0062985915227795	0.0064887183973034515	0.0072533244265555906	0.007262013710338869	0.007224146631537547
530.0	0.006374372944948016	0.006570636367578046	0.007359931406691558	0.00736896064555696	0.007330535902149631
531.0	0.006546923475395869	0.006780114389694918	0.00771800223429842	0.00772920947122218	0.007688906244636415
532.0	0.00647160629713382	0.006711317495656042	0.007675451098090012	0.007687092264534817	0.007647008654114541
533.0	0.006833645855725119	0.007075880183338679	0.008050137691644758	0.008061764241488398	0.008019726939728331
534.0	0.0068935771903020655	0.0071795106672333485	0.008329621420538105	0.008343892677821964	0.008300384244216061
535.0	0.007259820885116702	0.007513808224028175	0.008535328093880796	0.00854747460698093	0.008502904614782522
536.0	0.007238032004942893	0.007512423126759264	0.008616055604090959	0.00862946019465979	0.008584462696430067
537.0	0.007656173448859422	0.007948123802418338	0.009122385239160813	0.009136668654313292	0.00908902636588279
538.0	0.007792761607967133	0.008085341863786873	0.009262126929345867	0.009276385135720034	0.009228014309003822
539.0	0.007685313784052345	0.00801448433290997	0.009338528346589827	0.009355074579101126	0.009306293433790046
540.0	0.007791463705442951	0.008134438505192403	0.009514026105439043	0.009531367085012496	0.00948166667922419
541.0	0.007984309944786867	0.008322600642637096	0.009683322113040904	0.009700286624554428	0.009649705403913071
542.0	0.008271897113419894	0.008646687735902998	0.01015427185419541	0.010173334535644863	0.010120286651736752
543.0	0.008339376061272476	0.008693871563415185	0.010119776590104872	0.010137566520303332	0.010084705145297305
544.0	0.00855043950690582	0.00892178728172069	0.010415493362504628	0.010434215504820907	0.010379807281943619
545.0	0.008616949771945947	0.009008707275985984	0.010584542600170069	0.010604481981941995	0.010549185920743118
546.0	0.008763333875591871	0.009140594865250644	0.010658079871331093	0.010677064330561932	0.010621389795613487
547.0	0.008759724348855634	0.009165977937924126	0.010800137966859262	0.010820897319171855	0.010764472780813321
548.0	0.00847816836684701	0.008898002908532172	0.010586839932126375	0.010608561283754179	0.010553243951434789
549.0	0.00877958367379188	0.009217626344003221	0.010979713319996684	0.011002407649366878	0.010945036642689913
550.0	0.008711019621405008	0.009173073463172591	0.011031794100558833	0.011055988963946696	0.010998338562616637
551.0	0.008939605347609026	0.009396767900071237	0.011235785672510388	0.011259574719527217	0.011200862739662046
552.0	0.00902401177658878	0.00950808102917993	0.011455372283468037	0.01148076757886991	0.011420902209915571
553.0	0.009193830993573097	0.009683828421962071	0.011654962366970988	0.01168064099381685	0.011619733403978042
554.0	0.008982374275449399	0.009500463806004129	0.01158466607770636	0.01161216150714725	0.0115516109970801
555.0	0.009178472904428938	0.009679978917280431	0.011697428050718803	0.011723817717414979	0.011662684986667258
556.0	0.009275695564607027	0.009825793830961233	0.012038784415585752	0.012068100654905907	0.012005172693587342
557.0	0.009435474319997432	0.009970641980949095	0.01212353423141962	0.012151862748727055	0.01208849801794215
558.0	0.009606266131890674	0.010158969371894814	0.012382415828351414	0.01241173714064351	0.012347017319598363
559.0	0.009688898749603887	0.010271230144556677	0.012613902161889505	0.01264499699644293	0.012579060864105832
560.0	0.0092862127247793	0.00989516264802964	0.0123449886947576	0.012377899437476997	0.012313356059932962
561.0	0.009721170403500146	0.010308301736457443	0.012670287446580494	0.012701660790458646	0.012635429190165973
562.0	0.009798846914586379	0.010401614581945636	0.012826519072104992	0.012858812500744516	0.012791761447831139
563.0	0.009864876900438893	0.010503746414811985	0.013073929873141609	0.013108400506872077	0.013040048001084294
564.0	0.010123550486993232	0.010740569287534474	0.013222797696394008	0.013255811223363048	0.013186690058425264
565.0	0.010330869124677166	0.011008338840734298	0.013733822341023334	0.013770436352735258	0.013698631724094502
566.0	0.009977425654508126	0.010658879641570154	0.01340042621278416	0.013437448827437321	0.013367380530535534
567.0	0.01023289555308956	0.01092557304216183	0.01371226517505936	0.013749855021342221	0.013678157712099452
568.0	0.009965808037945752	0.010671143612572393	0.013508797657211458	0.013547286308375622	0.013476645274398957
569.0	0.010296597097939529	0.01099424079989092	0.013800913168230967	0.013838777027678302	0.01376661604310409
570.0	0.010459640082529732	0.011174609145970106	0.014050990383235666	0.014089837796324065	0.014016367679288686
571.0	0.010603314251872923	0.011318470205411737	0.014195591675270423	0.014234383478191243	0.01416015964146412
572.0	0.010191306206996667	0.010929548229501667	0.01389960884622792	0.013940004859282592	0.013867316031836108
573.0	0.010034960089196913	0.01076198177292908	0.013686901369798617	0.01372668409205919	0.013655107605432981
574.0	0.010118163631323621	0.010825521995282757	0.013671303752458532	0.013709845027528538	0.013638356346593404
575.0	0.010110579243763995	0.010829496269869805	0.01372179410063109	0.013761045851014836	0.013689290188266142
576.0	0.009771889823728067	0.010532196991857432	0.013591088872401241	0.013633030112003973	0.013561941975149507
577.0	0.01013673327541427	0.010879125982831106	0.013865894681115468	0.013906570017670723	0.013834055533023065
578.0	0.010584269678323172	0.011315047432327006	0.014255037182893771	0.014294793313166215	0.014220254475113662
579.0	0.010436575959396614	0.011215142103276971	0.014347458552936494	0.014390206372564033	0.014315170012217718
580.0	0.010024086438321755	0.01083154802086038	0.014080182264916802	0.014124889824689138	0.014051236932224008
581.0	0.010519574745938112	0.011355860583343707	0.014720451155218783	0.014766690425523744	0.014689690924960093
582.0	0.010400582802647287	0.0111766756487701	0.014299041795897412	0.014341655141747095	0.014266871947169035
583.0	0.010511796809883718	0.01127715240977737	0.014356299541758486	0.014398204295577682	0.014323126230818686
584.0	0.010312550022338591	0.011120815953188513	0.014372663302703053	0.014417285455614503	0.01434210789397946
585.0	0.010151539831501853	0.010914860905341328	0.01398585026615105	0.0140277986881161	0.013954652068119676
586.0	0.010389631823208685	0.01116118727943314	0.014265294543203312	0.01430763548882082	0.01423302968648131
587.0	0.010161513820651173	0.010907235796032012	0.01390740039824978	0.013948267792325088	0.013875535878603941
588.0	0.009566150079549645	0.01035170884363269	0.013512237548398252	0.01355581919551017	0.01348513366763557
589.0	0.009616451919220215	0.010372565365792499	0.013414593320317593	0.013456350598446215	0.013386183740087008
590.0	0.01020798745865073	0.010919900032620377	0.013784001847047504	0.013822779747836314	0.01375070217955951
591.0	0.010327403222378122	0.011078159654129035	0.014098570682543657	0.014139668581232005	0.014065938626327622
592.0	0.009436343881228066	0.010186682062512158	0.013205483532954206	0.013246971632675603	0.013177896560990401
593.0	0.009776647925023847	0.010523381497933658	0.013527648856608567	0.013568757704887779	0.013498004710374056
594.0	0.009876982046073022	0.010627558916732213	0.013647284544994379	0.013688581634813346	0.013617203829830258
595.0	0.009456720620338876	0.010177097399257356	0.013075323714532202	0.013114969844635869	0.013046583083691811
596.0	0.009536764497053502	0.010249703857480228	0.013117993207154573	0.013157147109579218	0.013088540419301277
597.0	0.00962887061940969	0.0103313580115877	0.013157577966770041	0.013196049640999746	0.013127240097172897
598.0	0.009545923010814963	0.010267427269204444	0.01317018352417756	0.013209856988597495	0.013140975447678546
599.0	0.009684950607205547	0.010426546910336471	0.01341014796297453	0.0134509853993668	0.013380846517321906
600.0	0.009250725051564053	0.009939385114211097	0.012709991075397642	0.012747793508272466	0.012681321353353522
601.0	0.009741506633657476	0.010478315225489889	0.013442644451714433	0.013483162678259606	0.013412856010856681
602.0	0.009765463652278547	0.010424510154236486	0.013075899941191599	0.013111651002105828	0.013043281546927608
603.0	0.009822153020786165	0.010475380590092447	0.013103348602396668	0.013138717320983763	0.013070206731061372
604.0	0.009106277897618706	0.009807493601066822	0.012628639075736922	0.012667276822079658	0.012601224513757194
605.0	0.009238012720871021	0.009897215409421088	0.012549277306316801	0.012585284036167677	0.012519659271403118
606.0	0.009490063100665443	0.010163337113326674	0.012872005325882441	0.012908755057867288	0.012841443584272048
607.0	0.009282280586056714	0.009953686866047327	0.012654855938014131	0.012691588392499044	0.012625409313797105
608.0	0.009424426420507157	0.01003160385452005	0.012474285467684533	0.012507023311085209	0.012441806629399128
609.0	0.009343358716479818	0.009925786913828448	0.01226887703520452	0.0123001390243826	0.012236001121097167
610.0	0.008920893185215925	0.009540023561065335	0.012030848912041703	0.012064552762301953	0.01200164330115675
611.0	0.008945764774594593	0.009537418044359678	0.011917665405856388	0.011949677130532878	0.01188736667741892
612.0	0.008902101504453554	0.009493384195580497	0.011872143846669734	0.01190415328041387	0.011842080207080607
613.0	0.008889120096083801	0.009467661708159006	0.011795148591993494	0.011826384829237705	0.011764717272081903
614.0	0.008750544678149763	0.009311795341076054	0.011569709820230001	0.011599953191586819	0.011539466340634259
615.0	0.009373657343608793	0.009944437271992141	0.012240648839384357	0.012271184274027395	0.012207197352525826
616.0	0.008876575631799895	0.009368460703206401	0.011347217283832211	0.011373159396391344	0.011313855140058986
617.0	0.008168188241334294	0.008736213336531276	0.011021438223013668	0.011052367659833116	0.010994736141487264
618.0	0.00897347360322697	0.009520353812104235	0.01172041895404193	0.011749679395848717	0.011688411811858437
619.0	0.008554660207675677	0.008999211333590558	0.010787508823980515	0.010810706167949692	0.01075433477039264
620.0	0.008280569190119786	0.008855203653927928	0.011167017295433037	0.01119829852750295	0.011139906066548258
621.0	0.008394838622728554	0.008886071005467532	0.010862240768585416	0.010888367747876021	0.01083159139142389
622.0	0.00814532422372556	0.00866285067955816	0.010744856116646986	0.010772707688024658	0.010716534429948982
623.0	0.00831559891490705	0.008838310521066548	0.01094116845879883	0.010969257705102112	0.010912059555683369
624.0	0.008491921504762532	0.008996306194808826	0.011025396681237644	0.011052282765054013	0.010994651689360604
625.0	0.008185946870371585	0.008628970363306718	0.010411150667473083	0.010434426627406287	0.010380017303676626
626.0	0.008937341520612947	0.00937265772945909	0.011123759593794719	0.011146213558613727	0.01108809268971782
627.0	0.008814139112372395	0.009249227602996315	0.010999423239353665	0.011021920764833803	0.01096444800887355
628.0	0.00844963695907801	0.008852305201254651	0.010472062356868614	0.010492747118101442	0.01043803368771262
629.0	0.00802393852613598	0.00842648163969335	0.010045770405206758	0.010066646150700735	0.010014154583225257
630.0	0.008408550326344702	0.00882212938157229	0.010485798243372682	0.010507169489635268	0.01045238085516764
631.0	0.007862050750264128	0.00823531124864555	0.00973677155343971	0.009755931891775947	0.009705060514201024
632.0	0.008451200182250516	0.008886957544946452	0.010639874898743802	0.010662582685637204	0.010606983663868426
633.0	0.007339933697925111	0.007781475625463367	0.00955776355949657	0.009581343668123	0.009531382664237835
634.0	0.007483259637877176	0.00784318102145221	0.00929099210483907	0.00930951336261475	0.009260969791939126
635.0	0.0082892937015178	0.008672711981486624	0.010215014887314517	0.010234597125170093	0.010181229793326606
636.0	0.007253334863350286	0.007677567141731571	0.009384203123320119	0.009406764969306012	0.009357714289412917
637.0	0.007716062758584753	0.008071629206909292	0.009501895523028202	0.009520041800344534	0.009470400449179139
638.0	0.00841526445454735	0.008744448660941803	0.01006848734009646	0.010084693802073701	0.01003210812681211
639.0	0.0076390208141421	0.00794364628611952	0.009168917534356355	0.009183984172800318	0.009136095162109555
640.0	0.0066801413533970205	0.007034561080422722	0.0084602982243613	0.008478857743689373	0.008434645547626416
641.0	0.007799012932169244	0.008096388309554212	0.00929246983450848	0.009307018397103215	0.009258487836164736
642.0	0.00750229765274676	0.007812552731526763	0.009060490462730263	0.00907596520915048	0.009028639453060188
643.0	0.008109868532687615	0.008432755068631361	0.009731475301301211	0.009747439095375085	0.009696612002659713
644.0	0.007988398024676891	0.008275634395390367	0.009430897939462671	0.00944473802300973	0.00939548933619443
645.0	0.007412691740536444	0.007720309508351602	0.008957641328364904	0.008972996586347258	0.008926207750333056
646.0	0.008175007472220717	0.008369595713425115	0.009152000592421671	0.00916008717310159	0.009112322770999558
647.0	0.007816056839739634	0.00810408687639155	0.009262558600993828	0.009276527642696732	0.009228156072889798
648.0	0.007370162794515761	0.007631984510870542	0.008685023099061486	0.008697597281304382	0.008652244488721006
649.0	0.008029120338893664	0.00829354722684937	0.009357015357580807	0.009369441394654995	0.009320585334928778
650.0	0.007990074388126933	0.008182991639880252	0.008958687243273507	0.0089667579175302	0.00892000161241839
651.0	0.00750426142093976	0.007785830995199123	0.008918329679409979	0.008932049082834398	0.008885473763667957
652.0	0.0075346147122089145	0.007757743139118864	0.008655054996019708	0.008665185932351887	0.008620002145646656
653.0	0.006651900809780903	0.006916098002102027	0.007978755533335801	0.0079918101531702	0.007950137620349403
654.0	0.007462183746954248	0.007652242764236714	0.008416479599286328	0.0084246217834331	0.008380692395559386
655.0	0.0063854001263060475	0.006612477411920129	0.0075257755637168295	0.00753668425578552	0.007497384933597641
656.0	0.006573326264766689	0.0067777650463232446	0.007599943693676687	0.007609380108962572	0.007569701721163441
657.0	0.007025883276510189	0.007260149515976122	0.008202325220743888	0.008213374735583596	0.008170546875338275
658.0	0.0072692119034803646	0.007518119681776585	0.008519197133947653	0.008531028595374867	0.008486544359335829
659.0	0.007243210091792718	0.007424172517004453	0.00815182008515713	0.008159508091369198	0.008116961113590452
660.0	0.007244855834116392	0.007390740953965639	0.007977227019841349	0.007982768904186342	0.007941143516053985
661.0	0.006706830853628712	0.0069078463561702795	0.007716237696642378	0.007725402446425118	0.007685119071195803
662.0	0.006992807860241907	0.007176148095237312	0.00791338535155837	0.007921335627780812	0.007880030577631182
663.0	0.007430489743506064	0.007598133719911091	0.008272168473290886	0.008278954525852755	0.00823578470601239
664.0	0.0067508986053635475	0.0069335023709617295	0.007667795840937235	0.007675813952602792	0.007635789151845049
665.0	0.006558575461325931	0.006727463500188649	0.007406576748977575	0.007413845737491157	0.007375186945036694
666.0	0.007574249166908354	0.0077198298334208715	0.008305063480728526	0.008310433044654258	0.008267099083067485
667.0	0.005651671187956068	0.005823629176446201	0.0065151717165145605	0.006523051640439868	0.006489037808967913
668.0	0.005414322958156679	0.005596514646324163	0.0063292602016289164	0.006337876776409367	0.006304828521633912
669.0	0.0069933341042508895	0.007151421220589829	0.007787032476234037	0.007793438007488902	0.007752799867290291
670.0	0.006258486333910895	0.006381046604197886	0.006873748110883932	0.0068783236848572495	0.00684245732112709
671.0	0.006598253259370353	0.00676419999667493	0.00743147330767051	0.0074385438897547245	0.007399756311136415
672.0	0.006353199396960262	0.00654466633174685	0.007314660645788257	0.007323406407802057	0.007285219202627238
673.0	0.0059673952662620735	0.006111408526823731	0.006690467204514287	0.006696490686660929	0.006661572473790258
674.0	0.00612041475957677	0.006276028026123397	0.006901755890694378	0.006908417436615077	0.006872394151894554
675.0	0.006131354660489404	0.006270785104198308	0.006831387638937612	0.0068370543267242305	0.006801403158137809
676.0	0.006202868814479645	0.006362949037301834	0.007006646433268564	0.007013542707250525	0.006976971256819857
677.0	0.006200501538133119	0.006331473651012802	0.0068580316695618015	0.0068631487746176004	0.006827361539014733
678.0	0.006296820012984423	0.00640645106809791	0.006847118453783096	0.006850885380329147	0.006815162091020038
679.0	0.005844998924122174	0.005907019355454695	0.006156124946966011	0.0061571907989884985	0.006125084713990088
680.0	0.005947414231055436	0.006001244339722076	0.006217381210421961	0.006217898347747226	0.006185475709014496
681.0	0.0057311268114158456	0.005858514417241091	0.006370686099908087	0.006375802991089631	0.006342556973659688
682.0	0.006573000685666214	0.00660220485179956	0.006719188030374141	0.006717907118896851	0.006682877232037916
683.0	0.00601715774063622	0.006149975788287193	0.006683977534675415	0.006689293089409794	0.006654412407720403
684.0	0.0058097397810102	0.0059321571806149765	0.006424320801789464	0.006429097029501796	0.006395573115382365
685.0	0.0062435021624310085	0.006382071822323158	0.006939201046709041	0.006944762758628459	0.006908549954681523
686.0	0.006521161102399878	0.006598421497007382	0.006908801317874807	0.006910483749994039	0.006874449690650508
687.0	0.006199757725937955	0.006317825802519512	0.006792454255184586	0.006796782486910368	0.006761341311989416
688.0	0.005918786467075541	0.0059996279081209495	0.006324468668552626	0.006326651197084265	0.00629366147698599
689.0	0.005956960131734311	0.006063555187371505	0.006492032894192098	0.006495772720439934	0.00646190113227439
690.0	0.005892622378986258	0.005949864417060779	0.006179736418548366	0.00618048779869276	0.006148260233706407
691.0	0.006131906120982823	0.006220975597060456	0.006578910779644992	0.006581497096084521	0.006547178506320004
692.0	0.0054298591922668175	0.005540895287583652	0.005987288581174492	0.00599154597783145	0.00596030363199518
693.0	0.005216083017827788	0.005313331423150198	0.005704256666385544	0.005707770548867433	0.005678007922974168
694.0	0.005913566988295705	0.0059766229517660896	0.006229890164402341	0.006230987355457735	0.0061984964653442505
695.0	0.0058765821671238755	0.005925483605765516	0.006121791913486296	0.006122040661002062	0.00609011786304574
696.0	0.005314932809710751	0.005374973832380301	0.005616157488094734	0.0056173496147518594	0.005588058480194385
697.0	0.005749610164918433	0.005787827838932678	0.005941152032152364	0.005940806599746412	0.005909828829538177
698.0	0.0058771040951347666	0.005906854783310806	0.006026094810376069	0.006025172040290046	0.005993754354523815
699.0	0.005528418285616876	0.00557471053298759	0.005760547449201061	0.005760799075094143	0.005730759936982559
700.0	0.0057931034175850585	0.00584398946428146	0.006048291312612786	0.006048700392651082	0.0060171600205400026
701.0	0.005593896271437183	0.005642029425896549	0.0058352692835363035	0.005835602947666456	0.005805173751886208
702.0	0.005447604354070352	0.005490105193015425	0.0056606910450661225	0.00566074849459813	0.005631231060708509
703.0	0.005786521663533548	0.005823793138803716	0.005973306501701954	0.00597288597562678	0.0059417409305678555
704.0	0.005439516952656074	0.005464214122249938	0.005563153454361845	0.005562125792010476	0.005533122616804324
705.0	0.005809077306045052	0.0058591831637850415	0.006060343983396991	0.006060697892847754	0.006029094960914234
706.0	0.00555342533671022	0.005584722163786436	0.005710211044318625	0.005709533870553887	0.0056797620499634775
707.0	0.005679877917048462	0.005689970923741159	0.005730118965712812	0.0057280859459563575	0.005698217387327868
708.0	0.00534912593304416	0.00537489819177998	0.005478171464577125	0.005477251733266916	0.0054486911257572174
709.0	0.00531494607385433	0.005349244162800385	0.005486830700700123	0.005486448364301937	0.0054578398018387
710.0	0.0059700334237839285	0.005976428135881526	0.006001669187694888	0.005999274586630923	0.005967991940661818
711.0	0.005353910590499461	0.005368343041357726	0.005425981205614287	0.005424365690675008	0.005396080852393479
712.0	0.005484813728001381	0.005489893525802611	0.005509883057602771	0.005507634446134453	0.005478915410854528
713.0	0.005365590360023617	0.005359354973256161	0.00533381873142706	0.005330933706298443	0.0053031360601935775
714.0	0.005452860863779528	0.005433271906191844	0.00535398976940763	0.005350247308296322	0.005322348953248344
715.0	0.005596123767616681	0.005572765142614415	0.0054783009243488555	0.005474261058988797	0.005445716046047308
716.0	0.005392973093492992	0.005374608515928657	0.005300258590455006	0.005296618957855783	0.005269000242734155
717.0	0.005751683992892272	0.005727549577655521	0.005629950502101885	0.005625790602122612	0.00559645545280958
718.0	0.005537546703688511	0.0055306851868590495	0.005502615009800845	0.005499611452707157	0.005470934252557991
719.0	0.005704086399158355	0.005673067874184626	0.005547769053395546	0.005543210325918391	0.0055143057835883025
720.0	0.005386354904846022	0.005375559426261406	0.005331670322082146	0.005328496709319898	0.005300711770702014
721.0	0.00545305783869364	0.005434777052202095	0.005360759363376017	0.005357096819065052	0.005329162747895986
722.0	0.005843389913894136	0.0057814200791166375	0.005531552601485833	0.005525035867917636	0.005496226094556558
723.0	0.005948331266918463	0.005880279378472688	0.005605927264254906	0.005598989580589985	0.005569794182635174
724.0	0.005322609584751032	0.005261436381600361	0.005014817801582605	0.0050085927944408274	0.004982475964301539
725.0	0.005542186539657752	0.0054463947769646725	0.005060442820543364	0.0050519980588231645	0.005025654896053923
726.0	0.005271982623585974	0.005228408507800387	0.005052617999807511	0.005047492989158343	0.005021173317664929
727.0	0.005477045797103224	0.005419291610045623	0.005186419396751045	0.0051803314369286806	0.005153319091995482
728.0	0.005118937592392814	0.005094895502157612	0.004997720236542274	0.00499386123210943	0.004967821218312504
729.0	0.005461825017223692	0.005425607803228632	0.005279407944468865	0.005274644304090067	0.005247140173701136
730.0	0.00507912277824076	0.005015370487687224	0.004758393016268072	0.004752123884798433	0.004727344387361875
731.0	0.005626506863010199	0.0055981406910911875	0.005483522125372875	0.005479161817535608	0.005450591250053584
732.0	0.005045051246369449	0.005024306907980666	0.004940408866424443	0.004936786031401488	0.004911043630804118
733.0	0.005307478559622948	0.0052739167994329626	0.005138416015287207	0.005133886804779756	0.005107116640966448
734.0	0.0050977611779758295	0.005084908490820122	0.005032764414734352	0.005029599643699475	0.0050033732753630746
735.0	0.005267821868979891	0.005214181483350597	0.004997881696366269	0.004992142966678402	0.0049661119126020855
736.0	0.004703301139607906	0.0046690333476532946	0.004530741191732308	0.004526450717969811	0.004502847971779753
737.0	0.005416856469927357	0.005409879262858562	0.005381353483773122	0.005378399166836881	0.005350354016608295
738.0	0.005182551292159329	0.005182750272880912	0.0051831229329434405	0.005180716847240656	0.005153702492643309
739.0	0.005149492288510574	0.005148101747222796	0.00514208043523877	0.005139592559017054	0.005112792643103462
740.0	0.0051620589945373645	0.005158724971605416	0.00514488148133204	0.005142268876523632	0.005115455005206577
741.0	0.005278701611160573	0.005256960247824129	0.005169030585080518	0.0051652377465391626	0.005138304106230189
742.0	0.005017528072765059	0.005034343460992616	0.005101599050596382	0.00510028623895469	0.005073691282110262
743.0	0.0051238392662118415	0.0051214902920630676	0.005111614084129018	0.0051090795595263964	0.005082438750742292
744.0	0.004857420847647478	0.004848791756599323	0.004813664523143046	0.0048108702167425025	0.0047857843921731025
745.0	0.004882969105748624	0.004877743444522477	0.004856310500655063	0.004853712429342421	0.004828403208136883
746.0	0.004951460213816965	0.004935797321487788	0.004872356240407777	0.004869087861351805	0.004843698466416564
747.0	0.005125452009665293	0.005090772737199475	0.004950789791870435	0.004946277169781096	0.004920485278541463
748.0	0.004899415376929157	0.004892548887763671	0.00486451141242984	0.0048618053127921345	0.004836453892016
749.0	0.004928955149632016	0.004894507424191386	0.004755472523336417	0.0047510657511917	0.004726291771302788
750.0	0.004896014962535943	0.004868116423331885	0.0047554400900007895	0.0047514492413112995	0.004726673261752081
751.0	0.004842064826007144	0.0048157019110939905	0.0047092098368371315	0.004705338082001107	0.004680802544691127
752.0	0.004636920808007972	0.004595896134053321	0.004430417786150589	0.004425745030537536	0.004402667404561085
753.0	0.004697087427856202	0.004671563072735722	0.004568457584703607	0.0045647047654148705	0.004540902547140861
754.0	0.004981053218802147	0.004943572990216043	0.004792330103669758	0.004787713551655909	0.00476274847530064
755.0	0.004851740448647611	0.0048046667114017335	0.004614827413538614	0.0046096844547015205	0.004585647694113625
756.0	0.004907241313636454	0.004861659964763941	0.004677821890927349	0.004672744310137899	0.004648378729940089
757.0	0.005053194491143161	0.0050001119684348755	0.0047860749144544084	0.004780470452401951	0.004755543144492209
758.0	0.004802775558853234	0.004760035706874606	0.004587641279295919	0.004582786231832936	0.004558889729468035
759.0	0.0048248189117154885	0.004781957150537274	0.004609070303721209	0.004604197514445127	0.004580189364986173
760.0	0.004749336474359046	0.004709177231996387	0.0045471723487606475	0.0045425000687620044	0.004518813634758596
761.0	0.004810277922049355	0.004775645718404337	0.004635878226291219	0.004631515547882508	0.004607364951142931
762.0	0.004820682054847693	0.004782502028066744	0.004628456195520988	0.004623871674902205	0.004599760936408995
763.0	0.0049036033367275775	0.004866463162851603	0.00471659515383947	0.0047120355390900545	0.004687465078523991
764.0	0.004729355328463701	0.004701514029836231	0.0045890818160406405	0.004585172234091069	0.004561263290150086
765.0	0.004691184098893573	0.0046584653628354376	0.004526408063150569	0.004522217984783795	0.004498637309778385
766.0	0.004614545884143426	0.004586834702700795	0.004474935602284193	0.004471087550192114	0.004447773489970141
767.0	0.004808064095953708	0.004776340223305132	0.00464827689111937	0.004644093121389592	0.004619876940091892
768.0	0.004617433809044981	0.004588967148995664	0.004474027542501525	0.004470131937230398	0.004446822859960927
