Time in ps	0.525 ps (0.5 - 0.55 ps)	1.5 ps (1.3999 - 1.6 ps)	19.8 ps (19.1772 - 20.4 ps)	101 ps (94.9126 - 108 ps)	1.01e+03 ps (949.418 - 1.08e+03 ps)
320.0	0.026328611752132226	0.023577173543083772	0.025587985074312765	0.0253246186946437	0.027731504233552588
321.0	0.022921306633874133	0.027730874818184863	0.028811899157423996	0.03323261753809102	0.03346500711020253
322.0	0.019018686496351994	0.023847280846898408	0.03802312408849695	0.029880740449201984	0.027809457696128047
323.0	0.02469861523580757	0.023266533727989567	0.029302249535006975	0.029441444988145486	0.03029745602779227
324.0	0.023814427589155227	0.025532950425059132	0.03343027270931714	0.032034428051804	0.03189667859975116
325.0	0.021763734856987904	0.0259748176518921	0.030680720078449464	0.031290081410937344	0.03079810237587676
326.0	0.024387994374392433	0.025895982640483248	0.03477836128583299	0.032540036425229624	0.030449403132477647
327.0	0.026024136610662704	0.025343395800216766	0.03437891804076779	0.03591956143186983	0.0389928657746448
328.0	0.02346938322159375	0.02563288951975738	0.03185798277238585	0.032332950951751	0.03155282391183989
329.0	0.02670366537260287	0.028062436615056714	0.03531472659147741	0.03507003846124736	0.034385530490447735
330.0	0.02494678572210002	0.025892846906196844	0.033316747903381454	0.03242423697301153	0.031112002355483635
331.0	0.025226246764356138	0.027305054552023814	0.03277656788027841	0.03496333457421491	0.035152165799294484
332.0	0.024770452100700936	0.027050903753874374	0.0325013453512814	0.033749853841334415	0.03240154187077096
333.0	0.026698630292188778	0.028225948868461387	0.03546930920319536	0.03546236784772553	0.03400310052615151
334.0	0.025750361098783474	0.028401632229460412	0.03395616112078367	0.0341286665153787	0.03299664931025072
335.0	0.02354014332668849	0.02857076699409832	0.03429954116978208	0.035890491076851216	0.03523525451977625
336.0	0.024655617003316754	0.02680099508338453	0.03238724003622697	0.03246991741631256	0.03253778703388598
337.0	0.025477513772125305	0.026918131822702744	0.03347014588343278	0.03380627315850686	0.03320213196476205
338.0	0.02649025480034321	0.02821077529893098	0.03324477674586337	0.034487335324598946	0.033555934449316815
339.0	0.024815433585296878	0.0285894934345938	0.03493917045569448	0.034781132719500556	0.0349375383505198
340.0	0.02657653308527174	0.02793678761612039	0.03375676834080025	0.03372194461838808	0.03358125000008688
341.0	0.023931920658081914	0.02605073372725296	0.03091375657940127	0.0320571935533346	0.031594214031704114
342.0	0.026532726921731798	0.027566730238288116	0.03217813663882728	0.032947315795698484	0.03209112998143693
343.0	0.023329967804023063	0.025431666363338483	0.030926758183860998	0.031102507347679408	0.031612337720275746
344.0	0.022589746432465436	0.024573871107484824	0.029836434420141947	0.029791111596342696	0.029842698623018016
345.0	0.02401521965926388	0.025868088448333625	0.029601264165016378	0.030427212683053994	0.029164851320109722
346.0	0.023300194474253553	0.025424309500224458	0.029372582065742364	0.028841988816191877	0.029023613589838754
347.0	0.022592585929214367	0.024245134560917612	0.027658493119524032	0.027785587537897317	0.027860922910490582
348.0	0.022792066180586167	0.023258714977528017	0.02617989169872814	0.02530714547766521	0.025508627475876886
349.0	0.024237496252277838	0.02480814090599926	0.02670197305911257	0.02771085677432062	0.026619237451193694
350.0	0.024947359641665726	0.025897845542220188	0.027404923620252826	0.02736172811375809	0.026584262311143827
351.0	0.022727110120446734	0.023824405545697657	0.024625697840449514	0.0239825289811514	0.02513577928504799
352.0	0.023902961894707406	0.024155333934398046	0.02344534093216662	0.024206357399108883	0.025211621058260823
353.0	0.02306491171705058	0.024798498651290704	0.02348465484718703	0.025817847825342622	0.025647986545996496
354.0	0.020001765105412465	0.01918210036950948	0.018634267870185742	0.01863031940764987	0.014891176937073362
355.0	0.019439632960565733	0.02315711067529947	0.020288047939940556	0.01999939607756037	0.01867224036788386
356.0	0.022642593847574808	0.02161566638715062	0.0212202640797134	0.018913747715620082	0.020565013260405884
357.0	0.017451938023232822	0.020697862378740946	0.01924108389162096	0.021073115651313385	0.01735817168897289
358.0	0.02009253398251069	0.021413844411199336	0.018788800434973163	0.01366794453266871	0.013403476875076046
359.0	0.023268993369788316	0.02253538340990264	0.021044012617500274	0.01929786832004083	0.01803605067511737
360.0	0.02394693931018076	0.022309768451207856	0.02206964346564301	0.01922897364048415	0.02176312424847521
361.0	0.023607744373095995	0.02131144859185781	0.01435225132343371	0.01859416915190104	0.015661186006708287
362.0	0.016782329694369616	0.01735038645976685	0.012781674961059765	0.012040185690247453	0.010247088519244923
363.0	0.022097500593182516	0.022216918061951738	0.01798368964546443	0.015503297827237215	0.015469161622031779
364.0	0.02015789413002669	0.01808536789178584	0.014622733057022523	0.013417445291090305	0.01334112670336119
365.0	0.02466100413225512	0.02357802023124744	0.016716956130480132	0.017167176052087618	0.015208402807918204
366.0	0.022926037793049442	0.02195576162385114	0.016563746867319224	0.014791314109488297	0.012070970536105207
367.0	0.02209977095218424	0.020289408675983892	0.014223455388029488	0.012798413510415144	0.012632763184999962
368.0	0.01971229261723283	0.01967134956427844	0.015067120305285401	0.012396071096285906	0.012142453988296014
369.0	0.024997981866481184	0.02277862401832448	0.016308763310224284	0.015905402988338115	0.014896040590716197
370.0	0.022648144243410898	0.019886002943307148	0.014882799628456941	0.013660522267046993	0.011272877188545933
371.0	0.024202480016562156	0.021953289027035208	0.01509018555568951	0.014628023458062824	0.014512605455736162
372.0	0.022160012406658085	0.01970538679376003	0.014628671616736248	0.013038456017382752	0.013209155901704319
373.0	0.023213145056821136	0.020838763895880463	0.014669055505642115	0.014663667613042115	0.013881377239876022
374.0	0.022813524752717546	0.019504377519920874	0.014632141624606479	0.013913787374880582	0.012251147298293926
375.0	0.021419756432563882	0.01901412776873755	0.012659755917208868	0.011595427507333477	0.01178461660342231
376.0	0.018835855604262836	0.017491577460240503	0.011393608228636732	0.011002962869546207	0.010282470465320354
377.0	0.021256646871980887	0.019326583370087566	0.012177393744124068	0.013128111087273521	0.012130656719969758
378.0	0.0	0.0	0.0	0.0	0.0
379.0	0.0	0.0	0.0	0.0	0.0
380.0	0.0	0.0	0.0	0.0	0.0
381.0	0.0	0.0	0.0	0.0	0.0
382.0	0.0	0.0	0.0	0.0	0.0
383.0	0.0	0.0	0.0	0.0	0.0
384.0	0.0	0.0	0.0	0.0	0.0
385.0	0.0	0.0	0.0	0.0	0.0
386.0	0.0	0.0	0.0	0.0	0.0
387.0	0.0	0.0	0.0	0.0	0.0
388.0	0.0	0.0	0.0	0.0	0.0
389.0	0.0	0.0	0.0	0.0	0.0
390.0	0.0	0.0	0.0	0.0	0.0
391.0	0.0	0.0	0.0	0.0	0.0
392.0	0.0	0.0	0.0	0.0	0.0
393.0	0.0	0.0	0.0	0.0	0.0
394.0	0.0	0.0	0.0	0.0	0.0
395.0	0.0	0.0	0.0	0.0	0.0
396.0	0.0	0.0	0.0	0.0	0.0
397.0	0.0	0.0	0.0	0.0	0.0
398.0	0.0	0.0	0.0	0.0	0.0
399.0	0.0	0.0	0.0	0.0	0.0
400.0	0.0	0.0	0.0	0.0	0.0
401.0	0.0	0.0	0.0	0.0	0.0
402.0	0.0	0.0	0.0	0.0	0.0
403.0	0.0	0.0	0.0	0.0	0.0
404.0	0.0	0.0	0.0	0.0	0.0
405.0	0.0	0.0	0.0	0.0	0.0
406.0	0.0	0.0	0.0	0.0	0.0
407.0	-0.034593937095369294	-0.034716539793949126	-0.03570282270397947	-0.035475369227440476	-0.034668368592219
408.0	-0.0365123603861889	-0.03761512018438891	-0.03801386007763853	-0.03807637916761693	-0.037953813167896054
409.0	-0.03776901527454118	-0.038622211470493675	-0.039291867747422764	-0.03835262984423567	-0.038381295795882196
410.0	-0.03879343500579185	-0.039722239530919815	-0.04091396989886055	-0.040083820735060186	-0.04010132283028401
411.0	-0.0408011634804687	-0.0414436658420988	-0.04142953693590409	-0.04138786193864971	-0.0398147313883001
412.0	-0.04160591390940891	-0.042394639631117656	-0.04178769049824175	-0.04165901722770274	-0.04103340250870913
413.0	-0.042423629506071994	-0.04310928411326351	-0.0431335878059574	-0.04220260946637047	-0.04198468567631317
414.0	-0.043861423838578585	-0.04430986005209412	-0.043977749512456615	-0.043711295524081595	-0.043467501973335376
415.0	-0.04339815353401298	-0.04412389337122431	-0.044820409678144844	-0.04424578443711564	-0.0433134064365584
416.0	-0.0447268106152281	-0.046076486709481224	-0.0462777125091039	-0.04546589301678319	-0.04549891044896448
417.0	-0.04554486048220686	-0.04582711507653861	-0.04673911191619951	-0.0455840095245416	-0.04519857677476716
418.0	-0.04610576472256747	-0.046538088719897064	-0.04753455958790609	-0.04587863620846776	-0.04599012303716551
419.0	-0.04768509651688516	-0.04801560643418263	-0.047830932653890504	-0.04695435656826838	-0.04649549503458009
420.0	-0.04840299860999	-0.04944534092403406	-0.04859478283000753	-0.04794405840991337	-0.04749433002325415
421.0	-0.0487882810800296	-0.049302893144305415	-0.0493168765695884	-0.048384582405900795	-0.04840071044572975
422.0	-0.04828837660476837	-0.049316110354658285	-0.04904185961726063	-0.04821933889743312	-0.04821588328080925
423.0	-0.04972606248006257	-0.05033191049130562	-0.050261739284161985	-0.04994396181923914	-0.04934507306599517
424.0	-0.049327962261997746	-0.05057014150968846	-0.05099508001879724	-0.05030584354133568	-0.049975304030423356
425.0	-0.04958886859402988	-0.050367892820745275	-0.050883669267324086	-0.05015052034714527	-0.04985290868354317
426.0	-0.04995796683167238	-0.05144632522770944	-0.052120598924408755	-0.05123734740152758	-0.051140720778780874
427.0	-0.05221614169664993	-0.05284558817326128	-0.05379176977228576	-0.05311317289838636	-0.051998307398217175
428.0	-0.051189364852342774	-0.052011184385726335	-0.05281484648139791	-0.05228130128539353	-0.051379489326100425
429.0	-0.05060643209857193	-0.05235872321384658	-0.052506399911270006	-0.05192546036591001	-0.051825956776313145
430.0	-0.05154285399083239	-0.05316868508481164	-0.053575180889316426	-0.05296204501019343	-0.052821457935153485
431.0	-0.05148870418566747	-0.05301748174802577	-0.05341813052366226	-0.05305919788115768	-0.05213270086454994
432.0	-0.050921878320115146	-0.052159950254706655	-0.0523310370414253	-0.05192384734041271	-0.05194839433865351
433.0	-0.05168714970834031	-0.05283481321412169	-0.05364609623883005	-0.05296066871483072	-0.05234341152308147
434.0	-0.05156516794147718	-0.052930859693310225	-0.05382153226501178	-0.05325887197022849	-0.05299258025818604
435.0	-0.05132196476798467	-0.05268715747361656	-0.05406803574021313	-0.053601084583890866	-0.05273457819852981
436.0	-0.05048247670213903	-0.0519075377129672	-0.053570344136515576	-0.05273521578332705	-0.05282693152424174
437.0	-0.05098056145452355	-0.052436584349317854	-0.053752109537405085	-0.05275093856222899	-0.05295456169603045
438.0	-0.0499337890676796	-0.05232796601745726	-0.053623503695131185	-0.05275565064437819	-0.053069868002227974
439.0	-0.04985713731860362	-0.05175896293529913	-0.05352624183779379	-0.05238161344761057	-0.052109228304253435
440.0	-0.049531054946832846	-0.05170525124120193	-0.05336964861358687	-0.05260885265932442	-0.05245161250507223
441.0	-0.04980808313410025	-0.05170404521185981	-0.053644117037947484	-0.05252648174798299	-0.05250436132965455
442.0	-0.048206985060174644	-0.050869288685906434	-0.05261130546555226	-0.051486483262429494	-0.05119503932770959
443.0	-0.0483273531508089	-0.05063774375310506	-0.05215572139762738	-0.05128598071620481	-0.05127563522060844
444.0	-0.048648361875160785	-0.05110836907858714	-0.05252144685503421	-0.051809667821174535	-0.05126980398399973
445.0	-0.04797504719966258	-0.04983625149738198	-0.05203661414140115	-0.050738477888672556	-0.05057335196107794
446.0	-0.0475679717780787	-0.04968655015721639	-0.05164988068443171	-0.050799932149202365	-0.05097149264679078
447.0	-0.04727434395079002	-0.04909816708482196	-0.051398677885105264	-0.05030067353366899	-0.050133323382301836
448.0	-0.04713449677443464	-0.048701509910604	-0.05135059339907414	-0.050484767386683255	-0.050057752047130234
449.0	-0.04609739408028032	-0.04755325972719979	-0.05023709260227235	-0.04889050406491325	-0.048612556620973225
450.0	-0.046674432298591494	-0.04762114111931499	-0.05022895804221984	-0.04936812577157497	-0.04912254988580485
451.0	-0.045019932249196974	-0.0467296643635758	-0.049369974950507725	-0.04824074932664413	-0.04769199053505526
452.0	-0.04406820493928785	-0.04605153953682511	-0.04807396103454676	-0.04751101179627823	-0.046914246718385386
453.0	-0.04235516724721787	-0.04461815420456005	-0.04706558049159488	-0.04585090291521429	-0.04530357983811074
454.0	-0.04350688364357584	-0.04474282872441016	-0.047401915558735304	-0.04644463426907593	-0.04628676935451525
455.0	-0.041013912812215045	-0.04333824741250138	-0.04623495387061447	-0.04528410788040109	-0.04449179352485308
456.0	-0.0411704720164952	-0.042791011258623515	-0.04564902563985059	-0.04482930315160441	-0.04426169820888659
457.0	-0.03876952804073631	-0.04129069623259757	-0.043765223776197945	-0.0426924618628724	-0.04247743196892895
458.0	-0.038809848565929624	-0.0410360086120212	-0.04428447097618277	-0.0432199703862087	-0.04284714223051944
459.0	-0.037672290753491676	-0.039929226003000376	-0.042947232865867456	-0.04195798850933638	-0.041526674372068015
460.0	-0.038246933513014406	-0.039909389656302335	-0.04221942240818503	-0.041392457239363856	-0.04088757547487381
461.0	-0.03583115833750153	-0.03839915304925766	-0.04096184771488227	-0.03994786152250878	-0.039754751371426464
462.0	-0.03610500797273438	-0.0380714530912214	-0.04096635245147716	-0.040092065140874565	-0.03963457994949954
463.0	-0.03450853216762976	-0.036742164092525814	-0.03949472461846782	-0.03837678556613297	-0.038165440777521736
464.0	-0.034050551231361414	-0.03687634248147288	-0.039050946221029115	-0.03854759632877492	-0.038150922237210255
465.0	-0.03335789432155705	-0.035128761143520176	-0.037632461064254275	-0.03664084802662201	-0.03666633387034378
466.0	-0.03262472279501555	-0.03472107554957615	-0.03754684299447085	-0.036361542567722366	-0.03646950321019969
467.0	-0.03234427515970387	-0.03407072140145832	-0.03685732383542877	-0.035478317904615225	-0.03534929311324937
468.0	-0.030906153634490514	-0.03342896735231346	-0.03613791645735405	-0.03519403698742517	-0.03459294866810544
469.0	-0.02977603393581359	-0.03177753223792293	-0.034351654747228344	-0.03297209539533158	-0.03313194569689504
470.0	-0.03024098250628739	-0.03159135075786784	-0.03401968340780691	-0.03289452745760653	-0.03284333396495491
471.0	-0.028232895140618778	-0.030044328021138683	-0.03180941902029012	-0.030956791950653966	-0.030835103997283952
472.0	-0.027475040333219843	-0.029208487122393066	-0.03066359569972707	-0.03008290285467477	-0.02999378523509809
473.0	-0.02641516114010606	-0.028003113557765608	-0.02991148935675073	-0.028844022154866023	-0.029015707883056168
474.0	-0.02528396707785755	-0.027451653055206485	-0.028846523705282907	-0.028729866970715827	-0.028367439787229227
475.0	-0.024274984972696666	-0.02590602260462864	-0.02802528344560808	-0.02689724696867907	-0.026909974172654963
476.0	-0.023694104677438012	-0.0253951639155149	-0.027626986176921543	-0.026367483586371393	-0.025959107869823167
477.0	-0.022126855150804012	-0.024287795220843143	-0.026362277434893406	-0.02544490639918002	-0.025119733367697857
478.0	-0.021683156207769255	-0.02310646864043183	-0.024785259673635984	-0.023891168248629892	-0.023485753052611566
479.0	-0.019960352341579776	-0.021892159625496718	-0.02317457319267716	-0.02240235687792741	-0.02224037594168408
480.0	-0.019477092680370393	-0.0214365157603487	-0.021510425210006137	-0.02165184237377467	-0.021445697632038074
481.0	-0.01836097758308006	-0.02004388752486369	-0.021215923628175686	-0.020553768359220913	-0.020141921660055746
482.0	-0.01722069596391408	-0.019024474785808786	-0.019910441596536654	-0.01948349084745067	-0.01965110620402405
483.0	-0.01659676286753759	-0.017864635085311574	-0.01955485368935044	-0.01852464444702777	-0.01845633421933899
484.0	-0.01579708172238664	-0.0173699174153873	-0.01858145673886038	-0.017855071314332775	-0.017519337801562986
485.0	-0.015010175338457379	-0.016226822302976944	-0.017506997300987717	-0.016505739855978106	-0.01644897153907037
486.0	-0.014104932595809618	-0.015776581744960196	-0.016662418258756	-0.015793599935846177	-0.015601517100919188
487.0	-0.01250843992515337	-0.013920637665242892	-0.015065566718811435	-0.014521773972281857	-0.01433259705102119
488.0	-0.011566706047601256	-0.012893885423190206	-0.013856889462806452	-0.013471163840172745	-0.013225423386812884
489.0	-0.010823536377958663	-0.012255713303440623	-0.01335328937371193	-0.012527878753571533	-0.012503320418494168
490.0	-0.010006233335827367	-0.011342073089275734	-0.012450870864490472	-0.011765008629852084	-0.011721006471830128
491.0	-0.009061860174126843	-0.010464996874805725	-0.011211695622820228	-0.010731914992806728	-0.010673381494332342
492.0	-0.008655248972452862	-0.009713239127498014	-0.009881355313231631	-0.01007872830547904	-0.010045686313101319
493.0	-0.008323718269290294	-0.009187830410404173	-0.010027903796552353	-0.009520873656037706	-0.009393479078324404
494.0	-0.0074417635712613495	-0.00803963407902503	-0.008938652796224902	-0.008437632319199667	-0.008829317043459867
495.0	-0.006694862733661367	-0.007450781559651352	-0.007809920400576593	-0.007294239729315198	-0.007158835899588422
496.0	-0.006393268003447434	-0.007217320389040148	-0.007142708454225392	-0.007294503031613803	-0.0070724088670856035
497.0	-0.005608937226814251	-0.006345108759589754	-0.007081290263317567	-0.006183095950561726	-0.006176906867124771
498.0	-0.004923556611979879	-0.005494119810989536	-0.006222067141250995	-0.0058304163381002385	-0.006043528445704521
499.0	-0.004075961616691781	-0.004743715941913525	-0.005468912673975205	-0.004903825371342787	-0.005152868088576945
500.0	-0.003589011777261708	-0.004202618073498701	-0.005187375587121926	-0.004561104128886891	-0.0045085553773629656
501.0	-0.0027644118369933085	-0.0036317745256812164	-0.004237686290788716	-0.003597947145099895	-0.003504500336142685
502.0	-0.0021161150220668948	-0.0030748689393193243	-0.0037348721278136683	-0.0030515082126603066	-0.003266656877086168
503.0	-0.002050691747261955	-0.0029033968308302535	-0.0032447092517585555	-0.003071871475203742	-0.003093077774470993
504.0	-0.0014439972022061251	-0.002147543726400142	-0.0026122634829956522	-0.0021429989806960037	-0.002090002719681258
505.0	-0.0007325215915672428	-0.0017874292131815658	-0.0022443553906998483	-0.0018350076555393414	-0.001506846071068537
506.0	-0.0009096714349507507	-0.0014567837013319928	-0.0015501480293212493	-0.001250351050474476	-0.0013368055405861283
507.0	-0.00010308265380715354	-0.0007432097570035646	-0.000988474314504873	-0.0003578422574136079	-0.00029906967436832464
508.0	0.00031768197888885165	-0.00029446487485575276	-0.0003343240941190304	-7.529871990231111e-05	-0.00019929086246107304
509.0	0.000765508305787376	5.0939414931751963e-05	0.00010678743896214206	0.0005594331191912493	0.0005314787176093345
510.0	0.0005173147623505453	0.0006171804442844309	0.000815578981304538	0.000751583168146256	0.0006677201683722878
511.0	0.0013153973891347544	0.0007100946455449054	0.0009459118377098201	0.001509879313140224	0.0013713191349878674
512.0	0.0016749497149972383	0.001310880524248922	0.0015184133366241124	0.0017474066639177584	0.0018435841487313238
513.0	0.0020982987799849926	0.0014937264036708922	0.0014460042220403818	0.0018058648079305364	0.001999938304059
514.0	0.0023463705146804436	0.001946355245392808	0.002010196506844018	0.002498901450948989	0.0021406889252215703
515.0	0.0031790250819461077	0.002302163868805167	0.0026758976079136465	0.003259573373201195	0.0029671229772677034
516.0	0.0033033049380813253	0.0028861520168527157	0.003233096445110569	0.0035866015843629287	0.003393650973518866
517.0	0.004095909645576133	0.0034321878378274226	0.003652532328137694	0.003992456227593486	0.003940273611567424
518.0	0.0039029164820927574	0.003314858673073938	0.0036411795874611297	0.003997617080167713	0.003742132739968883
519.0	0.004178085361248275	0.003607313951870649	0.003852186724684913	0.0043950132649521354	0.0043833495273963505
520.0	0.004479102492659058	0.004278214098366184	0.003913532028673774	0.004532048780347489	0.0045270809087270564
521.0	0.005106483277945776	0.004412441230777345	0.0048334095040279195	0.005099848070388786	0.004977659140585926
522.0	0.005159692660752565	0.0044621345579506245	0.004837025404823027	0.005112133267320938	0.005353610681806147
523.0	0.005308008547766909	0.004520371178115051	0.004807515647051676	0.005709846497420557	0.005198986627850668
524.0	0.005418981259818538	0.0048626798557241425	0.005627366169776938	0.005754073258311054	0.0054890628239567685
525.0	0.006097170443321087	0.005403592873737175	0.005947361646688206	0.006431008233179381	0.0061582061185749635
526.0	0.00555643925342673	0.005426125400802421	0.005900323870008263	0.006195053647812136	0.006149222847898841
527.0	0.006239892517807636	0.005808038353874319	0.006403662950875168	0.006860679939957551	0.006692385456093037
528.0	0.006425793886753812	0.005722171114333459	0.006969914239393389	0.0069455602990416004	0.006546877079711424
529.0	0.006999970464145364	0.006371909407065111	0.006997130513287351	0.0073921899779629515	0.007306700055097708
530.0	0.006842527667861543	0.00654029910118779	0.007354368277021846	0.007728513504670569	0.007458207061291053
531.0	0.007071919861526532	0.006724990580385889	0.007631717182010979	0.007804227996527291	0.007760534348555532
532.0	0.00677218508441247	0.0065989981600913005	0.0073497943170639755	0.007622988169985628	0.00774640806801145
533.0	0.007053230218050706	0.0072225319804247404	0.00780781014877775	0.00838366917243796	0.008132801627219886
534.0	0.007300628796461875	0.007090982722909384	0.008544364298463118	0.00843923199101553	0.008388969708104821
535.0	0.0073956459466159585	0.007521549056291809	0.00825772412929556	0.008879411124389058	0.008349652022432708
536.0	0.007334696033120673	0.007324934510187479	0.00863944467852304	0.008961258100688799	0.008552075965408062
537.0	0.008086297519129372	0.007850472976740918	0.009127032147681801	0.009406630228533594	0.00936475319956335
538.0	0.007834510766036898	0.007993882448881119	0.009147559944974527	0.009531928443661993	0.009176934415675284
539.0	0.007986768125557332	0.008105117938139443	0.009176792592864531	0.009573830616705446	0.00946098225525506
540.0	0.008147935599221525	0.008149788915994043	0.009277961567112077	0.009599529214544603	0.009471520037384447
541.0	0.0079715668549443	0.008347612562972447	0.009399758317580912	0.009825004154920366	0.009758625792062103
542.0	0.008434297339262698	0.008751038007242919	0.010005572147372717	0.01034034588731058	0.010001733615992894
543.0	0.008300570996887016	0.008655534684886314	0.010001859915737547	0.010494871674716182	0.01000313432370976
544.0	0.008563864499412691	0.008631992763687183	0.010682668432275881	0.010618324518792379	0.010317864795639342
545.0	0.008775377957121102	0.008969510415709672	0.010537065327762643	0.010762219953623513	0.010756693708650768
546.0	0.008472284560533182	0.009032259649279709	0.010941254470763167	0.010922266391056638	0.010511448781808135
547.0	0.008685616544223439	0.009217847090277556	0.010537642118258417	0.011021285482686626	0.010842594839648355
548.0	0.008276369987807463	0.009033117406457056	0.010355452858070236	0.010706398363721437	0.010684760292235796
549.0	0.00858324454202999	0.009230154539303505	0.010642980703707545	0.011241470582615817	0.01096238717024517
550.0	0.008610265386377363	0.00921767996429762	0.010761930600635223	0.011148043696717923	0.011052856650268993
551.0	0.00877359222226069	0.009380026612441352	0.011235860263974308	0.01172135182348861	0.011193659461329606
552.0	0.008926822836244649	0.00933736027578754	0.011820678023394857	0.011682113372613233	0.011425258458735862
553.0	0.009033290016398752	0.009766577229881121	0.011501855970755247	0.01177259056878013	0.011690604966365608
554.0	0.008776174879376555	0.009580623371473872	0.011592031009271439	0.011859918391566384	0.011433673977801496
555.0	0.008978298525937855	0.00992465141525027	0.011560079550854474	0.011993030218421278	0.011513297038675681
556.0	0.00940916754654552	0.009618261872052922	0.012194323444954686	0.01238864606734021	0.012061160405315876
557.0	0.009424972946697292	0.010067982378215462	0.012083650509135749	0.012312109677305599	0.012164797936726155
558.0	0.00937507933885076	0.010307979147287042	0.01229258563254314	0.012663847375155659	0.012267059594270631
559.0	0.00961623788405018	0.010258077284041697	0.012515314354224424	0.012901047667869089	0.012537916179350048
560.0	0.008971922271763784	0.009854661501273298	0.012119235131651519	0.012590088113054518	0.01227419908375324
561.0	0.009375942865003203	0.010443867022430605	0.012534595120264544	0.012902117347130936	0.012583199409239059
562.0	0.009046643868183834	0.010677386390148124	0.012677087665504145	0.012984314415367541	0.01271847154641089
563.0	0.009231048173421047	0.01065073354990877	0.012831880155663595	0.013396186850159015	0.013146831092518529
564.0	0.00970192876921825	0.010912024029340227	0.01334876894704021	0.013453835149530871	0.013113804008457597
565.0	0.009886571414308725	0.011128994736159796	0.013483983513304843	0.014078359479703442	0.013978105760892956
566.0	0.00951088715129568	0.010891724170573656	0.013239145750230056	0.013654282960114127	0.013385150431282865
567.0	0.009877574995555341	0.011016112862067749	0.013586027895024522	0.014035385393093621	0.01362495771705751
568.0	0.009510697024918377	0.010690916636852663	0.01334245837467998	0.013668865056275358	0.013607524255970723
569.0	0.009562692573861541	0.011036759923784735	0.013755223366536787	0.014038131063773322	0.013890665549017835
570.0	0.009847340068488107	0.011468715312406792	0.01399121493439162	0.014331662736783593	0.013939665493489121
571.0	0.010029796797805721	0.011458459691684967	0.014198821769725166	0.014539178555957065	0.014040435861401586
572.0	0.009786053598467015	0.010795428042823279	0.013888066660280186	0.014105445462000687	0.013929149396083893
573.0	0.009319625292187113	0.01118206160008935	0.013722286425381997	0.013924892426758685	0.013875098285521772
574.0	0.009571476468175074	0.011004191579764126	0.013737753684073309	0.013936849417295874	0.013237093715611572
575.0	0.00941665189752936	0.010946920130935794	0.013524653649816313	0.013858968493619847	0.013582424143191451
576.0	0.009011996245241289	0.010488897003505675	0.013447207922552483	0.013979730955518122	0.013527350935201243
577.0	0.009454363089821777	0.010958399066066802	0.01341838162913627	0.01400814253839652	0.013734123628797968
578.0	0.00996736290279236	0.01165211999356105	0.01414792537539195	0.014627896180369856	0.013923722992851292
579.0	0.01020954594458142	0.01143313730170004	0.014161317538839672	0.01461333649402505	0.014199810254156012
580.0	0.00983434314433919	0.010618695211067192	0.013817649029729203	0.014423812514114811	0.014157771874701281
581.0	0.009989451642937311	0.011518462639956088	0.014336522761734352	0.014938638490658266	0.014660073035722723
582.0	0.00987075570946046	0.011530583840350335	0.013951432864420408	0.014549195091105593	0.013705814804498666
583.0	0.009926814169633024	0.011643528646593794	0.014141377321906056	0.01464909291341258	0.014060054979203198
584.0	0.009724641181342027	0.0113350925828462	0.014402413709564665	0.01486212263417609	0.01431847131720856
585.0	0.009655253425549001	0.011182505809952276	0.013481548926555084	0.013987218863246371	0.013950627368480335
586.0	0.009779055580088942	0.011646309113388377	0.013912438019002696	0.01430925981173917	0.014023975852573135
587.0	0.009875040164910491	0.011298052925413807	0.013453254071260325	0.014268111587122285	0.013653025221087706
588.0	0.009183911791694118	0.011135123302510153	0.013798936422581187	0.013920291057556343	0.013355639446083202
589.0	0.009304427596004342	0.010716876633593879	0.013019853912063992	0.013595726831940992	0.01317142708354093
590.0	0.009872809469707004	0.011105276771332332	0.013115390210752904	0.013842889395733684	0.013209697187291885
591.0	0.009608554149088037	0.011173336568925926	0.013577756066660552	0.014145290385512842	0.013785410727099573
592.0	0.009182621458631274	0.010462205885870927	0.013280923431562026	0.013637412227351695	0.012891410617992528
593.0	0.009482597420573684	0.011121131712496849	0.013489168625285895	0.013610158405259507	0.013591237823673797
594.0	0.009342527712603835	0.011194350347693031	0.013302998909264356	0.014211733731824924	0.013320724814948996
595.0	0.009112240086161148	0.010340249167462153	0.013017812707631887	0.013570296190866745	0.012991692414963365
596.0	0.00924173741271317	0.010875461628656206	0.012810862986636074	0.013039976613588071	0.012638400187255597
597.0	0.009241257567469892	0.010774073531773322	0.01327408880509395	0.013846131723771478	0.013153234430728192
598.0	0.009063857972196488	0.011017895583156707	0.013181003375623201	0.013654360854452166	0.013148640056427727
599.0	0.009121279623793823	0.01077004609864175	0.013812207933939138	0.014023007360137344	0.012911984869958062
600.0	0.008665784195098903	0.01047719347402735	0.012449214459441018	0.013322367244770449	0.012146756493872448
601.0	0.009615353486915737	0.010529057634818227	0.012940899886766253	0.014240390671065317	0.013361065464761058
602.0	0.009302628983199264	0.011160749735082905	0.012584406853934112	0.013070073115599691	0.012269534843284594
603.0	0.00918526429125582	0.01066517415179478	0.012640238935831908	0.013018808076223461	0.012342265541180612
604.0	0.008725520489364424	0.010336362074701882	0.01300069782103821	0.013204806944176861	0.012261547646303952
605.0	0.008552850747392475	0.010409277299091125	0.01263258501458247	0.012723999040753747	0.0121333128112593
606.0	0.009266842611277836	0.010676625754410543	0.0119828654373004	0.013396416387475036	0.012288660997333136
607.0	0.00830692513410247	0.010281041419702475	0.012093888295410207	0.013021374387839766	0.012486675468548744
608.0	0.0091563630837459	0.010922956857114606	0.012035430499978373	0.012509971111248021	0.011715923323776415
609.0	0.008451563551554303	0.010200386082540657	0.012334806292868247	0.01263963344541355	0.011647165840119742
610.0	0.009171734938904729	0.010074273790160328	0.011894165290142401	0.012570926950889155	0.011387225408892934
611.0	0.008177182518668287	0.00965100159045115	0.011519883961612425	0.01239587333165547	0.011243586569574159
612.0	0.0086523244377361	0.009783143859791274	0.011829765011124104	0.012109546318500065	0.011619185412629084
613.0	0.00899918023962233	0.009925098972576471	0.011479318629876624	0.012319494658694119	0.01118991878163633
614.0	0.009285996867345752	0.00957324976738972	0.010891596037853297	0.012098398960226575	0.011288434262147273
615.0	0.009273722001019082	0.010145921988977557	0.011965609492279341	0.012534265050287641	0.012209220196745873
616.0	0.009714245243059758	0.010129414061667744	0.010767027759419486	0.011506667267822814	0.011033304783295544
617.0	0.008452187625340585	0.009136188802953894	0.01035240038285707	0.01143200901317517	0.01080704762770534
618.0	0.010217665836742955	0.009851725520128038	0.011187690896050451	0.011636263072664795	0.01109147314498624
619.0	0.008982002850145616	0.009264824526888451	0.009720951593371503	0.011255684641527156	0.01041109614985586
620.0	0.008820493729860168	0.009496123419409622	0.010741376039663025	0.011440124666212134	0.010496800463526013
621.0	0.00850304052630183	0.008610278643757685	0.010529717280716314	0.011212612756846273	0.010738040232485209
622.0	0.009307901299490466	0.008967408976212688	0.01075466987691461	0.011306866979745714	0.009642779508191448
623.0	0.009158906649871833	0.009025099059193853	0.01054097588385704	0.011533790565662203	0.010523279724517252
624.0	0.009312689255478243	0.00954757805695752	0.011466965893652878	0.011616087686020462	0.010354122745383717
625.0	0.008727903865378833	0.008781173888349801	0.010573207254828203	0.010550873780706776	0.009786475253966231
626.0	0.009291556636463414	0.009793541738098214	0.010707638962179444	0.011691355641690136	0.010282828126934172
627.0	0.009080977485678314	0.009037841093807897	0.01066159878409185	0.011417445592049595	0.010923475521269474
628.0	0.008733600006240365	0.009070895238430961	0.009752032988366828	0.010646851230347058	0.00922531132536285
629.0	0.00817193913836712	0.008559831613760418	0.009728954884316614	0.010962548418939145	0.00987125474359312
630.0	0.009513332699040117	0.008433614133076467	0.01028195699276098	0.01097335050572263	0.009911321697998104
631.0	0.008811541223072627	0.008221187576083953	0.008781171364254346	0.010612201446872593	0.00963061320847335
632.0	0.008987467554464654	0.00910627550671933	0.010856823324124755	0.010421605358291657	0.00990165209426504
633.0	0.0073762517986062405	0.008403416698059156	0.009086550155030135	0.009883165087571102	0.008678565961473664
634.0	0.007680549753683324	0.007914520988669408	0.009376475543212859	0.00940217592326029	0.00887233115527571
635.0	0.008902794733170134	0.008820305375422319	0.009446276555322423	0.010631567621808476	0.009503561991156722
636.0	0.007897960234848206	0.008132476602133117	0.010229701907578123	0.01025094765924066	0.008423533985571687
637.0	0.007940709405056976	0.00786626269799977	0.009301155267043958	0.010207544163111242	0.009195282496005899
638.0	0.008898018945394118	0.008715463076879159	0.009608292217278184	0.010636726403116865	0.00919235828943469
639.0	0.007968560391487642	0.007455313070197414	0.008290993951370236	0.010098213188223567	0.009125962944078914
640.0	0.00752346472358023	0.006999175725994195	0.007664799151309758	0.008372823069061168	0.007822171822152271
641.0	0.007708257641184806	0.007963015687808807	0.008497215240539775	0.00944265280971342	0.009482645589345425
642.0	0.008023943880524171	0.007588573795255194	0.008257436113759151	0.009417907869147157	0.008414605577254524
643.0	0.008539786639409285	0.008054058657748445	0.009160695407799575	0.010452910610919273	0.009422575142012814
644.0	0.008238647399940716	0.00837842221605984	0.009722453602143367	0.01002124076230719	0.008910742467924669
645.0	0.0071668002156316775	0.007662235357734724	0.008534005005674535	0.009824601751517396	0.0086836777861653
646.0	0.008844495285479998	0.008243046852605506	0.008202682086838635	0.010037957904313576	0.008274910955677773
647.0	0.008450870470493152	0.00787428987631385	0.009342519204607306	0.009482382631151458	0.008889582453382136
648.0	0.007389095069533177	0.0075075851403744835	0.008229844165055553	0.008935653272716833	0.007739954828924728
649.0	0.008511150525334354	0.00849274225232205	0.008549128715551392	0.009619268156429737	0.009046531476145057
650.0	0.008429245699702246	0.008039887714968373	0.007948181846164585	0.009503769926106263	0.008696796590320466
651.0	0.007649459087960101	0.007676474201382324	0.008631389787038922	0.009659219723591071	0.009137664707737837
652.0	0.00815873200018806	0.007233060818484623	0.007774621236184963	0.009740578006233873	0.0082802982532811
653.0	0.006470322732128851	0.00654668604321878	0.007708344707532129	0.008486474091251027	0.007677028107531445
654.0	0.007906564324075022	0.007529381877012426	0.007729592577017565	0.008691007563490841	0.008090437444485843
655.0	0.0071827786149148585	0.0066422466942680156	0.007221125586290623	0.008017851370660516	0.007431802849059452
656.0	0.006919344229843326	0.006709832277180193	0.006911064789958741	0.008216388172299732	0.0061571871838986885
657.0	0.00741023123738132	0.0074996273258412655	0.008000399995457319	0.00854494977736245	0.007832904316988366
658.0	0.0071520933939947535	0.007280241107463899	0.007591583699909539	0.008908228496794537	0.008173710768131002
659.0	0.008110507619017451	0.007410982092430988	0.00796091340728841	0.00898215439156528	0.007125761324145476
660.0	0.007390794866476743	0.006238853095375014	0.007776117504818285	0.00829326911112279	0.0069793982135914825
661.0	0.006989404434766132	0.007206286603084537	0.007687547188128501	0.008101472824835688	0.007044204952163471
662.0	0.007425810553187293	0.0064266204891497095	0.007831319691862767	0.008879417045064168	0.006793968874750573
663.0	0.008260636110383019	0.0075044392141309065	0.00814108269933089	0.009064690413906572	0.007747347030723857
664.0	0.006867099653542047	0.006443034879597902	0.007577821423268422	0.008133097955819629	0.007236988719901148
665.0	0.006901358134453488	0.0065506848325789235	0.007434252317283837	0.007744704165991736	0.00710226821204017
666.0	0.007990080886428602	0.007656259735969995	0.007986987681816125	0.00917669237697508	0.007935549692396057
667.0	0.006314945209137656	0.005655177723509507	0.006797520093611049	0.007036340685892846	0.006244888774591265
668.0	0.0057943816405851825	0.005175438217785438	0.006199896552171672	0.006516940124706325	0.005855699479492549
669.0	0.0071123160235806275	0.006975573728717255	0.007845141488492541	0.00808204976139841	0.00754011037823947
670.0	0.006893327797240848	0.00543676593928178	0.006417336451406052	0.007524179658824285	0.006224795722804341
671.0	0.007385515795629939	0.006638483898135818	0.007586119260963197	0.0081124432113279	0.006656387362120415
672.0	0.006750208283147052	0.005890658014916602	0.0071654533306131085	0.007565151936250946	0.006810004487402455
673.0	0.006480662404492579	0.005658093571848913	0.006387137902082675	0.007281394285573036	0.006595414386828988
674.0	0.006589463895974947	0.00546820033982859	0.0063764578683569734	0.00771602136275644	0.006075832715541039
675.0	0.006939228692060762	0.005866223218146989	0.0067732924017834045	0.007522057495650366	0.005882193107509143
676.0	0.0068386728053895654	0.0055254113635861395	0.006825375177518146	0.0071834610418157405	0.006483309091237472
677.0	0.006636808194974846	0.005824978660887091	0.006574111535948853	0.007103825198260927	0.006284517159286322
678.0	0.006936424581905658	0.005591537860893971	0.006689354019583967	0.007350427445337078	0.006666231124465403
679.0	0.00641439751119308	0.0055901007293130255	0.006045980164763998	0.006357898386524473	0.0055885993957956875
680.0	0.006599855315680369	0.00520443393242154	0.006078646751262214	0.00661483655406999	0.005407179204108188
681.0	0.006357294639594791	0.005799106103372175	0.005965909601941069	0.006552577819036554	0.005967915074914565
682.0	0.006579916874146654	0.006071769987197188	0.006490906842772491	0.006942223592248265	0.0062676808636058946
683.0	0.006481702461101356	0.0057927484464683834	0.0065934409526039	0.006538975091997714	0.0066088468179098464
684.0	0.006413841092004404	0.005559055480255912	0.0065090653034810195	0.006906970570958871	0.00597446995528817
685.0	0.006709689286860616	0.006075698626378072	0.006666844067233153	0.007601783983074239	0.006443294397599938
686.0	0.007248142132030731	0.005943803790866429	0.006514215479041706	0.007436694643034529	0.006498861977553399
687.0	0.006880411433472185	0.005867937862370441	0.006537403220668944	0.006950474992795382	0.0068240847223824345
688.0	0.006214102328130451	0.005016020500815945	0.005859637757704346	0.006768300385596041	0.005627608625809827
689.0	0.0062612387014549355	0.006148848095113886	0.006308173315197667	0.006889256388907245	0.0063909374845067465
690.0	0.006481344676353588	0.005663777171545514	0.006191787633792898	0.006723100897937968	0.005708740516877921
691.0	0.007020967918481613	0.005545072545491438	0.006615390404595369	0.007020981723211686	0.0064788559238277196
692.0	0.005779697781474657	0.00478279772744619	0.0062584301923065576	0.006565460358839325	0.005730368593398058
693.0	0.005075574470346667	0.005166430682793233	0.0057022836939396105	0.006049105176643445	0.0053475581808760855
694.0	0.00656477705556684	0.005759482469569978	0.00595254496356451	0.006803885903557546	0.006047438694451723
695.0	0.006239787138178607	0.0057543251837856284	0.00594428516222077	0.0063863037213065165	0.006422708009062731
696.0	0.0056593685596574165	0.004338565745392473	0.005323507673211862	0.005678108445134867	0.00509591665136569
697.0	0.006074031422560208	0.005897886875878661	0.005845202338212718	0.006288082559567297	0.00576457728796495
698.0	0.006506828837969668	0.00535240348838227	0.005303777325536423	0.006051905622876069	0.005509866642163533
699.0	0.006257740911613994	0.005187218643767342	0.005793716730325872	0.005912965843588609	0.005432931428249344
700.0	0.0065433466808439925	0.0048769930817813	0.005708629914563399	0.0065746237658839725	0.005776556820300448
701.0	0.006231983312594443	0.005304579858381159	0.005698596867160465	0.006164966820976216	0.005562456134507597
702.0	0.0061464128770848765	0.004840706019873511	0.005421758999415585	0.006292225895765843	0.005389372640970775
703.0	0.006155986634819518	0.0051235980718001665	0.005626323412671872	0.006354183048584096	0.005726936330646653
704.0	0.006072624866127598	0.004722865625742541	0.005277835359215379	0.006182819341627836	0.005040988174871511
705.0	0.006455487390648672	0.005859458216959912	0.0060767199070788334	0.006360439139853778	0.005740641702445533
706.0	0.00646283236850254	0.005133548385882191	0.0054310406535711345	0.006166242101144283	0.005383125476699039
707.0	0.00629970259536476	0.005400357902084017	0.005545172866640569	0.006251591741939537	0.005514965387344613
708.0	0.005631451526014875	0.005076919556712975	0.0052665900892951666	0.005776237443057441	0.004923620530267292
709.0	0.0061885071438341115	0.005202120895564032	0.005564348834888817	0.005845447511101611	0.0056475449287586195
710.0	0.006287503816203681	0.005516959496808376	0.005777316221222448	0.006288040067921263	0.005471442475887317
711.0	0.005727601281145563	0.005416332334554309	0.005443813951042396	0.0060080789687552575	0.005104804391010392
712.0	0.00529811268897294	0.004815546563192644	0.00541638660017793	0.005957835525150935	0.004886646765566976
713.0	0.0054514783495057135	0.004962374368355307	0.005166744685421579	0.005658709642342195	0.005287693430230593
714.0	0.005988729279450833	0.0048463308808363425	0.005304894587258516	0.005624287431102272	0.005155177223056563
715.0	0.005882290264744624	0.005378668646964175	0.005395089600760802	0.005680879816323321	0.005465091415568191
716.0	0.005449150897887376	0.005094971299891176	0.005050250378771912	0.005728491464772791	0.005212177866083422
717.0	0.005852167488535088	0.0058002090042115935	0.0058334872942651834	0.0060340571928380726	0.0055220497412783835
718.0	0.005753205272515908	0.005267001423022182	0.0053551716333408795	0.005772298291835133	0.005459498002304213
719.0	0.006079042754137951	0.0058988472833989	0.005693893330681075	0.005941560138602301	0.005638379484025281
720.0	0.005874109485272061	0.0047617804450695925	0.005623471084342704	0.006018349173293032	0.004924669162486738
721.0	0.005913806059953178	0.005154868750066645	0.005299701838705667	0.005918108688409345	0.00522171026593728
722.0	0.006339710429743799	0.00553870533610352	0.005281122713635293	0.006003417434936927	0.005284469942101033
723.0	0.006542337029354414	0.005795787357246186	0.005415315823373165	0.00636027738830172	0.0054654997664315
724.0	0.005701871528809257	0.005007188352010902	0.00448729838338248	0.0054205529300301045	0.004426254354602286
725.0	0.006003338032926921	0.005257851617458132	0.005031080481279924	0.005122900918304078	0.0050757933635312315
726.0	0.006022282447234585	0.005105561459004437	0.004984248038389192	0.005461827199939852	0.004931750511280019
727.0	0.0055960590158640995	0.005500185445697921	0.004892954324473246	0.005368221325047243	0.004918680637588971
728.0	0.0054694883685128684	0.005018915133562838	0.004497231118307026	0.005274846113345383	0.004886442623848888
729.0	0.005502766145884264	0.005412627331486446	0.005008719225598218	0.00563671637697233	0.005025440201591514
730.0	0.006034034889564811	0.004779648282443814	0.004780986345534819	0.0049390919801680765	0.004065731050948579
731.0	0.005894029088187505	0.005728500735577702	0.005336663503184149	0.006083578967194962	0.005016762859192617
732.0	0.0050672491625907735	0.005011206859982843	0.004912172046521493	0.005362153106436399	0.004412464090202092
733.0	0.005356564414190182	0.005425784355169304	0.0053510775799549114	0.00535231043794121	0.004922289011698593
734.0	0.005379308805475695	0.005059589639300042	0.005170876942831434	0.005577431604950998	0.004880992854392839
735.0	0.00519781425811518	0.005598622457444023	0.005201523255556487	0.005284139526008624	0.004850182081652225
736.0	0.0047711253376419216	0.0047614567419738026	0.004522920147349383	0.004693657002084035	0.004075047684409413
737.0	0.005276393053033839	0.005706412538064447	0.0052371387877633525	0.0057315582022913515	0.004865402284687232
738.0	0.005107460681061331	0.005179097615530565	0.005288287880800647	0.005646130375529048	0.005102983586971351
739.0	0.005089420784959865	0.005326450728404163	0.0051950177032926426	0.005307791427627784	0.00484282126105806
740.0	0.005248189577272304	0.005167164352457568	0.005435970390062856	0.005175458984639323	0.004790923194228877
741.0	0.00514704410705402	0.005367741127288647	0.005095321442998767	0.005310505621738126	0.004894471962078395
742.0	0.004694602039187424	0.005441649613182916	0.005175735219514046	0.005271770371123387	0.005012130147852545
743.0	0.004840430432989825	0.005278595631496785	0.0051428223744365	0.005241296956957717	0.0049711957877447335
744.0	0.004842046334495352	0.004961922082523742	0.004790754608680172	0.005247006696644062	0.0044343845745973744
745.0	0.004750662291133309	0.004975818972234276	0.005088129929300117	0.004882539262287813	0.004681978799420653
746.0	0.004965312655718383	0.0051864196150471584	0.004870370610925434	0.005321187043687206	0.0047478183718802636
747.0	0.005170234644140897	0.00533591878419009	0.005012942102122871	0.005047700698531874	0.004801355718461951
748.0	0.0048532635754286405	0.005062328544836369	0.004680051479826137	0.004958781029672879	0.004653347523963389
749.0	0.0048570321780479426	0.005019654352155732	0.0049677706574561544	0.0050018121987013275	0.004612765129608098
750.0	0.0051089369831896	0.00509826727611581	0.004870381632322081	0.004941362785008702	0.004643307417154165
751.0	0.004893381240586977	0.004998309281158547	0.0048116598525441935	0.004972946762569176	0.004610830522839446
752.0	0.0046486337668024316	0.004861968779536605	0.004371135614416681	0.004698464829655875	0.004074834665206566
753.0	0.004913484729937717	0.004835406237807975	0.004559422476918374	0.004626052858598559	0.004423075715238095
754.0	0.005021958596078694	0.005014064637659004	0.004806304342046456	0.004977865526204817	0.004648367142940975
755.0	0.004794683405024447	0.004894393563057269	0.004625218421304916	0.004794002090218505	0.004498630995635158
756.0	0.004814823324886954	0.004970628665776961	0.004677068377278534	0.0048704801014148105	0.0045259979261714775
757.0	0.0048736900206985	0.005194654752453956	0.0049062389622456055	0.004856553758360917	0.004598219316576349
758.0	0.004843305172722258	0.004932298912742153	0.004729455124375393	0.004763223081303082	0.004437881497820869
759.0	0.004913045461731568	0.004986480030490478	0.004739870664185584	0.004711899367974736	0.004546781396589566
760.0	0.004639550829963095	0.00477024793529094	0.004686946126896205	0.0047142102123134515	0.004301069924226491
761.0	0.004725189620121678	0.004760044075386025	0.004765841189284177	0.004638568484911027	0.004536949771360602
762.0	0.004738139436273096	0.0049842911000834225	0.004685114262279113	0.004710853859831329	0.0046020826884453575
763.0	0.004684771380025361	0.004970737356981491	0.004828739386976468	0.004834134586883838	0.0045293637299417995
764.0	0.004461577792023981	0.004788007759879134	0.004602447302406616	0.00477653647085042	0.00440652450375153
765.0	0.004413091509348906	0.0047306233087472905	0.004636178746135752	0.0045403197764208435	0.004318534126279302
766.0	0.0042344466942013295	0.004766114297138491	0.004673619010056892	0.004622423658837085	0.0043857630601856455
767.0	0.004462603026628461	0.004859036297823945	0.004778536780904989	0.0046405536455907444	0.004334698351488333
768.0	0.004125419682605375	0.004660234134530711	0.004576611383718144	0.00458723864845962	0.004324150329904443
