	A	B	C
320.0	691900655541.2993	691900655541.2983	791570404276.2004
321.0	784358331095.1603	784358331095.1592	963264123963.2018
322.0	668696816529.0264	668696816529.0255	851728209789.2123
323.0	605333691898.8866	605333691898.8857	868044994782.1743
324.0	727523133641.0216	727523133641.0205	959740836345.528
325.0	718102793271.0409	718102793271.0399	932953222025.8232
326.0	738039125220.811	738039125220.81	966568696755.1685
327.0	771574330281.4545	771574330281.4534	1042308551615.6199
328.0	717456670083.0653	717456670083.0642	941598481051.9865
329.0	803276418613.848	803276418613.8468	1049899770942.1508
330.0	718651253508.0492	718651253508.0482	951201702688.7738
331.0	742526682425.2107	742526682425.2096	1032456610320.9075
332.0	734756317346.0458	734756317346.0449	985663207821.4084
333.0	781715839898.7837	781715839898.7826	1042638623312.6278
334.0	750021386656.1252	750021386656.124	1006755876370.5343
335.0	776818571554.9143	776818571554.9131	1069239649152.792
336.0	736348437634.0538	736348437634.053	975249399659.6377
337.0	743597785649.9015	743597785649.9005	1001424837907.2416
338.0	771413721181.1796	771413721181.1786	1010430486610.6753
339.0	775031967161.5004	775031967161.4994	1043229693463.0776
340.0	779570429469.6724	779570429469.6715	1010107053614.8112
341.0	716981693862.5359	716981693862.5348	947862350144.4363
342.0	761916321606.9293	761916321606.9283	970869500925.222
343.0	707142372458.379	707142372458.378	935072369176.5034
344.0	688519331608.5997	688519331608.5986	889548896279.2739
345.0	732306309539.8983	732306309539.8975	889811985680.5692
346.0	715530380637.5321	715530380637.5311	866313311681.5438
347.0	691390424258.8353	691390424258.8345	826553054496.1998
348.0	668185503688.512	668185503688.5111	780444171854.5851
349.0	725651620642.1924	725651620642.1913	800064021021.446
350.0	740932098511.5767	740932098511.5757	799720260196.6001
351.0	699169484413.3173	699169484413.3163	733562390862.1162
352.0	728031801854.7902	728031801854.7892	725995003486.8324
353.0	746755553103.9893	746755553103.9884	737723924492.7731
354.0	564653611634.4742	564653611634.4735	529824133372.58264
355.0	653117525466.5869	653117525466.5859	602727958675.3553
356.0	706160203665.3793	706160203665.3783	618495583209.5183
357.0	583377130232.3782	583377130232.3773	524112405575.78955
358.0	589764651215.5258	589764651215.5248	485506896243.00604
359.0	699846003069.047	699846003069.046	571461288927.1958
360.0	722108247927.7649	722108247927.7638	635471391642.0653
361.0	689793195588.7955	689793195588.7946	519837455376.68207
362.0	531773738454.79517	531773738454.79425	375605171336.85455
363.0	688058647565.0468	688058647565.0457	487554560140.37396
364.0	593093560502.171	593093560502.1702	401210962170.0678
365.0	749938385937.7283	749938385937.7273	497196983264.1926
366.0	705531237557.4832	705531237557.482	442997011438.50903
367.0	660483179047.6644	660483179047.6633	406560120828.0483
368.0	634748050577.2877	634748050577.2867	385320495769.91864
369.0	765462312148.1497	765462312148.1486	474375094443.8127
370.0	708663645597.791	708663645597.7899	414032444359.26666
371.0	726961060954.323	726961060954.3219	445682738981.4572
372.0	673607859420.6473	673607859420.6462	412759590637.4963
373.0	714311867228.2463	714311867228.2452	432070272334.8443
374.0	674191213382.1554	674191213382.1543	400239296090.90515
375.0	620656693612.7965	620656693612.7955	355610815428.7783
376.0	590475743585.6691	590475743585.6682	327227628107.3684
377.0	633246918725.883	633246918725.8823	380374402263.7117
378.0	0.0	0.0	0.0
379.0	0.0	0.0	0.0
380.0	0.0	0.0	0.0
381.0	0.0	0.0	0.0
382.0	0.0	0.0	0.0
383.0	0.0	0.0	0.0
384.0	0.0	0.0	0.0
385.0	0.0	0.0	0.0
386.0	0.0	0.0	0.0
387.0	0.0	0.0	0.0
388.0	0.0	0.0	0.0
389.0	0.0	0.0	0.0
390.0	0.0	0.0	0.0
391.0	0.0	0.0	0.0
392.0	0.0	0.0	0.0
393.0	0.0	0.0	0.0
394.0	0.0	0.0	0.0
395.0	0.0	0.0	0.0
396.0	0.0	0.0	0.0
397.0	0.0	0.0	0.0
398.0	0.0	0.0	0.0
399.0	0.0	0.0	0.0
400.0	0.0	0.0	0.0
401.0	0.0	0.0	0.0
402.0	0.0	0.0	0.0
403.0	0.0	0.0	0.0
404.0	0.0	0.0	0.0
405.0	0.0	0.0	0.0
406.0	0.0	0.0	0.0
407.0	-1042143794580.3853	-1042143794580.3837	-1059447496930.4486
408.0	-1108466897680.6516	-1108466897680.6501	-1131133374440.6018
409.0	-1144757835531.9802	-1144757835531.9783	-1153768403403.6401
410.0	-1182193165521.2454	-1182193165521.2437	-1190235799292.0981
411.0	-1233084007936.7656	-1233084007936.764	-1232368934529.3564
412.0	-1258326814846.2004	-1258326814846.1987	-1256337310865.0535
413.0	-1280158903516.7434	-1280158903516.7412	-1274793870893.6304
414.0	-1317373366617.9507	-1317373366617.9487	-1305047182854.0881
415.0	-1320128146789.8132	-1320128146789.8115	-1313091020155.09
416.0	-1370405795193.5803	-1370405795193.5784	-1359141169712.2034
417.0	-1383795928718.4658	-1383795928718.4639	-1364723646163.9294
418.0	-1392936731892.2852	-1392936731892.2827	-1388371626457.0674
419.0	-1442337398317.1	-1442337398317.098	-1416171430058.834
420.0	-1480008760119.2483	-1480008760119.2458	-1452507440796.9814
421.0	-1480124601969.3523	-1480124601969.35	-1459504597187.2373
422.0	-1475826069194.3193	-1475826069194.3171	-1455549595775.4648
423.0	-1502157642798.494	-1502157642798.492	-1489828864148.0215
424.0	-1500097757609.1316	-1500097757609.1296	-1493432183165.4849
425.0	-1509151874986.1804	-1509151874986.1777	-1501777690103.7422
426.0	-1532278229512.6719	-1532278229512.67	-1532037291315.9114
427.0	-1584371216243.3982	-1584371216243.396	-1584233541724.6099
428.0	-1558762293788.1843	-1558762293788.1821	-1562036976338.556
429.0	-1548375710665.9995	-1548375710665.9978	-1555782568485.0576
430.0	-1586331974781.2307	-1586331974781.2285	-1590570226883.0708
431.0	-1570883949349.762	-1570883949349.7598	-1582281822516.1885
432.0	-1548489438666.2385	-1548489438666.2366	-1561709142778.3833
433.0	-1570634804751.4998	-1570634804751.4973	-1589957349308.4019
434.0	-1570334569975.6052	-1570334569975.603	-1593108259121.7124
435.0	-1559030803320.16	-1559030803320.1575	-1595945524178.3574
436.0	-1539280444296.3704	-1539280444296.368	-1579805470004.8674
437.0	-1550056431724.0264	-1550056431724.0247	-1585146782608.836
438.0	-1540404665667.2947	-1540404665667.293	-1586267551334.5222
439.0	-1532905417711.4253	-1532905417711.423	-1574993949307.2297
440.0	-1532175319383.569	-1532175319383.567	-1581816845125.1897
441.0	-1525191680894.6575	-1525191680894.6555	-1575760406618.4167
442.0	-1499644833299.546	-1499644833299.544	-1554372137709.6711
443.0	-1485033696224.3855	-1485033696224.383	-1539981137686.7722
444.0	-1498932692574.149	-1498932692574.1472	-1553111150258.4094
445.0	-1470619804199.1611	-1470619804199.159	-1532097551219.7078
446.0	-1460887422653.8032	-1460887422653.8013	-1526457376044.7976
447.0	-1446628986036.8774	-1446628986036.8752	-1512038403910.7068
448.0	-1439899706223.9404	-1439899706223.9385	-1509131056819.8032
449.0	-1403876326956.1582	-1403876326956.1562	-1473609264465.7283
450.0	-1411664763118.7642	-1411664763118.762	-1482967237935.735
451.0	-1377345030441.7634	-1377345030441.7615	-1448777690386.6675
452.0	-1349336277416.4126	-1349336277416.411	-1426791978795.7178
453.0	-1300785332530.8904	-1300785332530.8882	-1383073868509.5427
454.0	-1315585350381.028	-1315585350381.0261	-1396821449673.7385
455.0	-1269323953099.8494	-1269323953099.8477	-1355195878795.1401
456.0	-1252963273913.4014	-1252963273913.3994	-1343127455633.1333
457.0	-1204918713628.0574	-1204918713628.056	-1293419753382.7844
458.0	-1208865767142.146	-1208865767142.144	-1297699547791.7764
459.0	-1175104737441.2559	-1175104737441.2544	-1262695423882.7407
460.0	-1168669914561.2476	-1168669914561.2458	-1249381071544.5361
461.0	-1122244496184.0884	-1122244496184.0867	-1207144131571.2737
462.0	-1126960401519.186	-1126960401519.1846	-1207823595141.9763
463.0	-1075571601029.1932	-1075571601029.1917	-1159905987016.866
464.0	-1074642603202.3912	-1074642603202.3895	-1157357171671.8542
465.0	-1027177715405.17	-1027177715405.1686	-1104687972075.6763
466.0	-1016763593493.1809	-1016763593493.1794	-1095886252657.1847
467.0	-1001335398868.1958	-1001335398868.1947	-1071414283965.5879
468.0	-976052387577.4209	-976052387577.4196	-1049434992091.4661
469.0	-927434938345.1259	-927434938345.1245	-1001011839933.8768
470.0	-930862879602.2144	-930862879602.2129	-993128938865.8779
471.0	-881374213507.185	-881374213507.1838	-939574219968.6537
472.0	-855088307098.9163	-855088307098.9149	-908277050880.4478
473.0	-821089027007.1162	-821089027007.115	-874052068944.1863
474.0	-800596443862.3784	-800596443862.3772	-853511062523.4698
475.0	-763454235477.0919	-763454235477.0907	-816738657895.2742
476.0	-744262705951.219	-744262705951.2181	-794777861504.2029
477.0	-714916342808.9567	-714916342808.9558	-762444886743.075
478.0	-679566838427.0819	-679566838427.081	-722014099371.7517
479.0	-642904556629.4938	-642904556629.4929	-678973421523.5126
480.0	-621627091525.4564	-621627091525.4556	-654873597541.9562
481.0	-586779355604.6505	-586779355604.6495	-617876595729.9169
482.0	-554959611894.8167	-554959611894.8159	-590660404199.2288
483.0	-529036590852.58636	-529036590852.5855	-558477159045.366
484.0	-507158831628.62146	-507158831628.6206	-534279054849.1933
485.0	-473577795908.5076	-473577795908.507	-502780164104.39166
486.0	-460874446818.2897	-460874446818.2891	-481955532650.81384
487.0	-406487620072.3367	-406487620072.336	-437689525565.72614
488.0	-376133714514.27814	-376133714514.2776	-407731271197.042
489.0	-357164675290.4186	-357164675290.418	-382245585647.86676
490.0	-327089226150.1673	-327089226150.1669	-354677645941.01337
491.0	-299479819562.6169	-299479819562.6164	-324669309374.2848
492.0	-279662854816.06287	-279662854816.0624	-304144379142.0718
493.0	-263928392611.43878	-263928392611.43845	-288172922747.4366
494.0	-231802915174.33008	-231802915174.32974	-258769907980.41324
495.0	-204060235048.55142	-204060235048.55112	-225627704172.72763
496.0	-197594697937.41403	-197594697937.41388	-219095531774.83582
497.0	-171551965334.3694	-171551965334.3691	-193908017854.045
498.0	-153252981067.52353	-153252981067.5233	-177383955961.9628
499.0	-130496257820.71034	-130496257820.71019	-152736623482.8748
500.0	-120156589418.1277	-120156589418.12755	-140969195436.90118
501.0	-94046732723.03053	-94046732723.03041	-113136675117.54367
502.0	-78267117784.74742	-78267117784.74731	-96811488644.40218
503.0	-73280530717.88437	-73280530717.88428	-89477378720.79968
504.0	-55759207131.36911	-55759207131.369026	-69417309742.9324
505.0	-38359777974.7198	-38359777974.71976	-52004637339.73491
506.0	-30823626349.34329	-30823626349.343254	-41939745532.522156
507.0	-8413542980.453031	-8413542980.453023	-15906663167.866146
508.0	1512581034.5775015	1512581034.5774987	-4774889984.191889
509.0	16184421004.256342	16184421004.256319	12140510040.82216
510.0	25675101640.879906	25675101640.879868	22714124064.89092
511.0	38218484352.77493	38218484352.77489	37407176714.86486
512.0	48490014481.15867	48490014481.15859	51270733009.72669
513.0	52812151147.42836	52812151147.4283	57512281870.03623
514.0	66099276314.58298	66099276314.58288	70550530945.81784
515.0	79938272259.76398	79938272259.76385	87096691566.67296
516.0	90168696610.1171	90168696610.11697	99736174348.63834
517.0	107965946377.52422	107965946377.52405	119452754584.0519
518.0	101833802737.98235	101833802737.9822	114768478927.0387
519.0	111942978173.3318	111942978173.33168	128046617422.62173
520.0	118970035497.7673	118970035497.76712	134529760178.92557
521.0	130572079164.88745	130572079164.88724	147459781565.46866
522.0	133376919818.19135	133376919818.19115	153574209189.36847
523.0	142443715267.4252	142443715267.42502	161584786238.6317
524.0	147598369707.1843	147598369707.18408	167985496331.64886
525.0	163507823699.75778	163507823699.75757	187001555075.63843
526.0	160248554558.7648	160248554558.7646	185475466713.72687
527.0	169389471308.94107	169389471308.94083	198862757846.9461
528.0	173219154752.8619	173219154752.86166	203541111538.9847
529.0	188488154967.15228	188488154967.15204	218731286793.4883
530.0	190733274079.08624	190733274079.08597	221952520144.48538
531.0	195710077519.17325	195710077519.17297	232803186688.0677
532.0	193404375586.88556	193404375586.88535	231534619706.27518
533.0	204288083700.81592	204288083700.8156	242819710441.818
534.0	205834792074.2051	205834792074.2048	251317396949.25912
535.0	217048107797.9957	217048107797.99542	257449268783.437
536.0	216271998131.18472	216271998131.1845	259918668292.7572
537.0	228755982190.72095	228755982190.72055	275195747554.5259
538.0	232864020559.86243	232864020559.86206	279403997081.8716
539.0	229413946900.19833	229413946900.19806	281774116982.0977
540.0	232528088436.7062	232528088436.70587	287084033516.1142
541.0	238360981863.04852	238360981863.04825	292171876877.6923
542.0	246803281894.0737	246803281894.0734	306420043080.1898
543.0	248954171475.5811	248954171475.58075	305342713246.4383
544.0	255208597084.17303	255208597084.1727	314277757532.82733
545.0	257090544574.39865	257090544574.39835	319406170549.5574
546.0	261582578563.85663	261582578563.85623	321592345231.135
547.0	261303132249.68958	261303132249.68915	325924583634.8221
548.0	252747377304.66324	252747377304.66293	319529038802.41943
549.0	261713701555.46796	261713701555.4676	331391660629.6674
550.0	259508256507.3997	259508256507.39923	333005525647.74976
551.0	266418245509.48126	266418245509.4809	339137512733.74646
552.0	268800653938.2117	268800653938.21133	345799824412.72015
553.0	273877844766.79922	273877844766.79883	351819996088.3764
554.0	267346824863.72424	267346824863.72388	349757399289.0247
555.0	273347722156.89032	273347722156.88998	353120475637.1186
556.0	275988197033.68317	275988197033.68286	363490250873.7595
557.0	280886010832.39734	280886010832.39685	366013158609.19305
558.0	285924103774.47754	285924103774.4771	373840555033.47943
559.0	288237083324.5593	288237083324.559	380866323704.9879
560.0	275958118190.9766	275958118190.9763	372821366052.79614
561.0	289180290159.6614	289180290159.66095	382573032763.1491
562.0	291426496880.76404	291426496880.7636	387306430025.2081
563.0	293201548256.1232	293201548256.12286	394824001311.6902
564.0	301117183477.80786	301117183477.8074	399264000599.6626
565.0	307002050000.15155	307002050000.1511	414764469375.6129
566.0	296338778791.5488	296338778791.5484	404734911074.19025
567.0	303963141038.54034	303963141038.54	414144561278.7932
568.0	295848370490.55774	295848370490.5573	408043207437.12286
569.0	305851510592.20416	305851510592.2038	416822885177.1179
570.0	310657576902.56537	310657576902.565	424384815955.62
571.0	314981536953.2482	314981536953.2479	428738520624.33307
572.0	302442757410.41614	302442757410.41565	419871859573.52435
573.0	297802325541.01685	297802325541.0165	413446654695.6303
574.0	300422854911.6393	300422854911.63885	412939463384.56305
575.0	300126451072.40717	300126451072.4068	414481628196.3593
576.0	289686976717.1547	289686976717.1543	410625804118.22534
577.0	300775483630.6215	300775483630.62115	418864804750.88135
578.0	314316209266.9466	314316209266.94617	430558060144.2566
579.0	309588637890.91626	309588637890.91583	433431894055.21735
580.0	297001142873.2022	297001142873.20184	425440580318.261
581.0	311747160439.50903	311747160439.5086	444771564379.4029
582.0	308519696058.60626	308519696058.6058	431969534768.1543
583.0	311930850606.55133	311930850606.55096	433672790872.7048
584.0	305680099131.762	305680099131.76166	434247513925.8764
585.0	301097925737.1404	301097925737.1399	422516202853.6499
586.0	308216764442.39685	308216764442.3964	430944865474.21844
587.0	301501847000.07355	301501847000.07306	420120738472.6492
588.0	283344789047.1984	283344789047.19794	408300217333.2603
589.0	285032493072.3318	285032493072.3314	405304230944.1783
590.0	303100017344.6992	303100017344.69885	416341048355.62177
591.0	306466002242.05273	306466002242.05237	425885715312.5162
592.0	279644674427.3068	279644674427.3065	398997752818.79034
593.0	289910169565.8897	289910169565.8894	408689924226.5663
594.0	292907913908.02686	292907913908.0265	412299011654.2056
595.0	280434575470.0969	280434575470.0965	395021869253.8778
596.0	282887969035.15265	282887969035.1522	396292245185.64813
597.0	285722233446.0382	285722233446.0379	397463986398.9838
598.0	283113216597.4215	283113216597.4211	397879862632.3848
599.0	287180043612.20154	287180043612.20105	405142631566.0292
600.0	274420272013.59418	274420272013.59378	383962546628.20935
601.0	288910767568.95197	288910767568.95166	406111808697.6095
602.0	290090027997.2033	290090027997.2028	394921905974.93805
603.0	291830840638.81647	291830840638.8161	395737141389.3217
604.0	269997979702.48132	269997979702.48096	381537390317.4953
605.0	274211115064.59857	274211115064.5981	379067773997.7152
606.0	281715762873.9965	281715762873.99615	388810695952.8859
607.0	275471833996.9294	275471833996.92896	382269652922.80835
608.0	280129242370.1923	280129242370.1919	376710567059.0486
609.0	277834631398.2669	277834631398.26654	370479228472.4874
610.0	264900838490.9591	264900838490.95862	363383388625.8959
611.0	265811414845.99194	265811414845.9916	359923343552.6868
612.0	264499191024.7108	264499191024.71036	358552168736.2468
613.0	264183462655.70587	264183462655.70554	356209789049.6947
614.0	260113747168.27866	260113747168.27835	349389685776.61255
615.0	278815335762.39764	278815335762.3972	369607113649.0414
616.0	264316304303.28217	264316304303.28183	342558674345.9447
617.0	242543013146.79922	242543013146.79892	332896452251.34894
618.0	266909287281.8494	266909287281.8489	353899427375.8072
619.0	254904432220.84973	254904432220.8494	325617626954.9617
620.0	245887112087.4183	245887112087.418	337291878608.5168
621.0	249818294362.7294	249818294362.72903	327956787688.17694
622.0	242152205888.79562	242152205888.79526	324473115702.8813
623.0	247247484943.8062	247247484943.8059	330393186893.8005
624.0	252663328878.44818	252663328878.4478	332893895226.5155
625.0	243813957400.49402	243813957400.49368	314284116529.43384
626.0	266478788008.9021	266478788008.90164	335723083404.69824
627.0	262771335226.80682	262771335226.80646	331979394146.2091
628.0	251989611062.0248	251989611062.02444	316040725161.9191
629.0	239175437268.51483	239175437268.5145	303206597243.66296
630.0	250688496712.22775	250688496712.22748	316475125868.2362
631.0	234474583548.93488	234474583548.9346	293847907988.55347
632.0	251841749856.58978	251841749856.58942	321156159215.6744
633.0	218354929853.4196	218354929853.4193	288589324304.20074
634.0	223150313176.1483	223150313176.14798	280401816693.9308
635.0	247276152655.6356	247276152655.63522	308265267500.6068
636.0	215849989160.38922	215849989160.38895	283331027506.21576
637.0	230184099983.41995	230184099983.4197	286742916825.0011
638.0	251387761756.84598	251387761756.84558	303750191095.16534
639.0	228164966162.42657	228164966162.42624	276620887282.66425
640.0	199006242924.2428	199006242924.24252	255382534211.74402
641.0	233023958999.86053	233023958999.86026	280326668526.5435
642.0	224015990660.02646	224015990660.02618	273367364519.01123
643.0	242231446636.68896	242231446636.6886	293592105622.5199
644.0	238784794032.3819	238784794032.38156	284474772921.7827
645.0	221334096233.61307	221334096233.61276	270265957627.83005
646.0	244948112677.53345	244948112677.5331	275901111513.5862
647.0	233592087140.53278	233592087140.5325	279408289380.8491
648.0	220323608799.09595	220323608799.09564	261970952030.22208
649.0	240145033145.67096	240145033145.67072	282206844345.79114
650.0	239390867200.75836	239390867200.75806	270078049408.1704
651.0	224244085260.4165	224244085260.4162	269032622014.09967
652.0	225502079752.59082	225502079752.5905	260994724726.2106
653.0	198687587738.66437	198687587738.6641	240712698755.70605
654.0	223516474733.39713	223516474733.39688	253748951315.3688
655.0	190883711818.55142	190883711818.55118	227004342208.77576
656.0	196674258833.93967	196674258833.93936	229193935638.67438
657.0	210121994804.02585	210121994804.0256	247386206703.9589
658.0	217360730429.48553	217360730429.48523	256953916195.97662
659.0	216978239347.57687	216978239347.57663	245763747579.20328
660.0	217234412752.65442	217234412752.65414	240440377039.87827
661.0	200713347910.75107	200713347910.75076	232688519397.62833
662.0	209426308645.99432	209426308645.99402	238590011544.44458
663.0	222694423005.7701	222694423005.76974	249361464873.36954
664.0	202148389635.9141	202148389635.91382	231194917829.53378
665.0	196439631642.79376	196439631642.79352	223304455613.8904
666.0	227152019567.0665	227152019567.0662	250309595405.28534
667.0	169120771632.36224	169120771632.362	196473806859.18634
668.0	161915531963.80023	161915531963.80002	190896354391.3781
669.0	209590909797.34152	209590909797.34122	234737745192.1779
670.0	187678875135.64365	187678875135.64334	207174573138.62863
671.0	197651389175.2275	197651389175.22723	224048362034.5092
672.0	190124136095.0901	190124136095.08978	220580430054.77228
673.0	178789710915.36792	178789710915.36765	201697777409.3304
674.0	183327764020.89514	183327764020.8949	208080994595.75964
675.0	183752419469.641	183752419469.64072	205931543289.30737
676.0	185783586262.43585	185783586262.43558	211247359551.53033
677.0	185883791757.65036	185883791757.65005	206717506025.3761
678.0	188909006480.70016	188909006480.6999	206348133545.25497
679.0	175588180149.39493	175588180149.39465	185454106836.8421
680.0	178719461870.6504	178719461870.6502	187282613472.45792
681.0	171775197397.51773	171775197397.5175	192038689020.1214
682.0	197696718945.87372	197696718945.87347	202342838677.32724
683.0	180353671712.4973	180353671712.4971	201480986341.14407
684.0	174170982292.9155	174170982292.91528	193643901302.1095
685.0	187133495605.42584	187133495605.42554	209175712861.0452
686.0	195853091835.0027	195853091835.00244	208143231792.7707
687.0	185937414874.60165	185937414874.60138	204718558613.56638
688.0	177698556163.06915	177698556163.06888	190558240816.15567
689.0	178696000160.0944	178696000160.09412	195652167914.79385
690.0	177049949685.05997	177049949685.05972	186155810651.59143
691.0	184065683464.6133	184065683464.61307	198234179425.7364
692.0	162802382181.71704	162802382181.7168	180464897738.20312
693.0	156448241938.93912	156448241938.93884	171917603941.46796
694.0	177646202410.89413	177646202410.8939	187676853364.35022
695.0	176616219287.27112	176616219287.27087	184395387420.93436
696.0	159643121911.9863	159643121911.98608	169194132454.92755
697.0	172856883259.145	172856883259.14474	178936631625.23834
698.0	176744743064.41595	176744743064.41568	181477712116.98642
699.0	166150721267.2728	166150721267.27252	173514819016.62036
700.0	174091545924.6496	174091545924.64938	182186384256.00827
701.0	168110977842.2654	168110977842.26517	175767905826.6293
702.0	163740292611.66678	163740292611.66653	170501303332.2219
703.0	173973613531.9871	173973613531.98682	179902859925.75937
704.0	163601712199.82443	163601712199.8242	167530795218.9471
705.0	174577007941.13428	174577007941.134	182547748026.56946
706.0	166991849128.20096	166991849128.20074	171970715052.46005
707.0	170923390254.37497	170923390254.37473	172529502116.9831
708.0	160874314706.4602	160874314706.45996	164974395186.5884
709.0	159795166068.66614	159795166068.6659	165251396996.46634
710.0	179679802790.575	179679802790.5747	180697682831.54242
711.0	161085148327.52795	161085148327.52774	163381471706.71732
712.0	165080853621.41052	165080853621.41028	165889520129.22
713.0	161558496278.34006	161558496278.3398	160567307621.2479
714.0	164264285380.8191	164264285380.81888	161149031807.54123
715.0	168599172040.12314	168599172040.12286	164884316309.947
716.0	162454255719.7762	162454255719.77594	159533750073.28073
717.0	173286612027.91873	173286612027.91846	169448374335.52188
718.0	166738631283.19614	166738631283.1959	165647868192.54932
719.0	171894321739.274	171894321739.27374	166961062854.33105
720.0	162210439087.26422	162210439087.264	160493905462.19775
721.0	164262508875.59018	164262508875.58994	161355338537.90558
722.0	176270137794.03445	176270137794.03424	166413649595.92963
723.0	179465042480.17902	179465042480.17877	168641129655.94434
724.0	160588259046.69217	160588259046.692	150858424485.959
725.0	167402170200.9609	167402170200.96063	152165787664.79263
726.0	158960550835.53836	158960550835.53818	152030095318.29306
727.0	165217152077.90094	165217152077.9007	156031179008.57413
728.0	154238338333.80847	154238338333.80823	150414710977.4569
729.0	164632088320.69705	164632088320.6968	158871875214.85623
730.0	153273704967.43405	153273704967.4338	143133600922.4335
731.0	169543300424.64398	169543300424.6438	165031926775.24655
732.0	151994692209.4001	151994692209.39987	148695610381.88992
733.0	159970114093.09723	159970114093.09705	154632270309.45172
734.0	153534945375.26654	153534945375.2663	151491149148.42072
735.0	158894596307.39032	158894596307.3901	150362956956.30634
736.0	141786562775.63275	141786562775.63257	136336342731.90422
737.0	163106143216.87112	163106143216.8709	161996963592.13617
738.0	156010520336.49106	156010520336.49078	156042787537.76572
739.0	155024699988.94995	155024699988.9497	154804127182.60147
740.0	155414447356.25378	155414447356.25357	154884737657.2259
741.0	159034203258.3316	159034203258.33136	155576558231.1814
742.0	150944900453.28287	150944900453.28265	153620223886.93997
743.0	154258106248.0454	154258106248.04517	153885078016.79895
744.0	146275037666.46442	146275037666.46414	144903035861.19485
745.0	147024074828.3565	147024074828.3563	146193439964.66034
746.0	149147363495.7714	149147363495.7712	146656546777.96173
747.0	154497104382.3648	154497104382.3646	148981482729.7773
748.0	147528826903.26575	147528826903.26556	146437196983.2069
749.0	148580544201.36914	148580544201.3689	143101730021.0182
750.0	147550357626.3582	147550357626.358	143113280713.59534
751.0	145917236643.83273	145917236643.83255	141724416190.12607
752.0	139828101367.73553	139828101367.73532	133303095277.6264
753.0	141548004500.60358	141548004500.6034	137488551658.66895
754.0	150166729637.68527	150166729637.685	144205558913.81604
755.0	146330506450.20724	146330506450.20703	138843336393.0194
756.0	147992472188.31558	147992472188.3154	140742694322.48193
757.0	152430326181.6339	152430326181.63373	143987397328.80328
758.0	144830973829.0146	144830973829.01437	138033164017.3157
759.0	145495268761.33398	145495268761.33377	138678070180.31854
760.0	143207081444.95615	143207081444.9559	136819747926.45386
761.0	145009059396.60324	145009059396.60306	139500887217.76422
762.0	145343157012.7373	145343157012.7371	139270654359.49286
763.0	147833232475.78906	147833232475.78885	141926143075.37585
764.0	142533022029.63254	142533022029.6323	138105030219.47736
765.0	141412675258.95084	141412675258.95062	136208853138.35265
766.0	139076116913.79834	139076116913.79816	134668808434.75818
767.0	144925283798.3704	144925283798.3702	139879722751.25198
768.0	139167503195.99338	139167503195.99316	134640025446.84479
769.0	143488376092.0997	143488376092.0995	140567799127.7285
