Time in ps	0.525 ps (0.5 - 0.55 ps)	1.5 ps (1.3999 - 1.6 ps)	19.8 ps (19.1772 - 20.4 ps)	101 ps (94.9126 - 108 ps)	1.01e+03 ps (949.418 - 1.08e+03 ps)
320.0	0.023108885100978645	0.02373426611182746	0.026286732710264066	0.0263075963559863	0.026061188968849743
321.0	0.026274540757796686	0.02739433703096407	0.03196697510935823	0.03201701501780621	0.031717130949998305
322.0	0.02243517038402057	0.023580500079741995	0.02825805987121037	0.02831296752233495	0.028047777033309827
323.0	0.02044585121746012	0.022082176095172948	0.028766692940955324	0.028854884985592313	0.02858461868280846
324.0	0.024460565621059915	0.02590963936514743	0.031828279706766785	0.03190104414292996	0.03160224630453178
325.0	0.024121817687954687	0.02546395640305374	0.030945611007123463	0.03101177456510954	0.030721305978421678
326.0	0.024801814203936522	0.026229076771671946	0.032058525858081624	0.032129599394492135	0.0318286608168957
327.0	0.025970088222617045	0.027659594272348022	0.03456064093136794	0.03464761880121026	0.034323095454729224
328.0	0.02411546126270987	0.025514538495052967	0.031228897727398276	0.03129873276543839	0.031005576414398755
329.0	0.026990644653187647	0.02853112901421059	0.03482298349157579	0.0348995092866593	0.03457262663385202
330.0	0.02416223053361326	0.02561442182301594	0.031545847520412264	0.03161906318347103	0.031322906490643065
331.0	0.025032658133748973	0.026840398257849077	0.03422479799235316	0.03432017579528098	0.033998719409999316
332.0	0.024721988868436413	0.0262880579434857	0.03268481121229546	0.03276488921201194	0.03245800025794714
333.0	0.026294493565086598	0.027923124880023638	0.03457533278089464	0.034658118678732794	0.034333496986200016
334.0	0.025235961160900704	0.026838425559312845	0.0333838478427037	0.03346583770175347	0.03315238338598614
335.0	0.026175116496968527	0.027998612609932354	0.035447236812596476	0.035542669850220435	0.03520976310048982
336.0	0.024758381724714108	0.026250115723174497	0.032343061410879385	0.032418322585356346	0.032114679711810326
337.0	0.025025007248607026	0.026633918391885447	0.033205719296930475	0.03328830137348694	0.03297650993342766
338.0	0.025922208159234662	0.027415254938564938	0.03351339356275691	0.03358776206472169	0.03327316575692832
339.0	0.02608222268719873	0.027755874770865475	0.034592110791821166	0.03467797370749057	0.034353166044902815
340.0	0.026182338762319034	0.027622709447893808	0.03350552609513177	0.0335762844850077	0.033261795680752985
341.0	0.024106142701403696	0.025547554060612557	0.03143493125068875	0.03150749991210873	0.031212388165147816
342.0	0.025568991916643018	0.02687505049289203	0.03220903386898474	0.032271659197366236	0.03196939003121678
343.0	0.023775702302961	0.025198659540524092	0.03101066496459292	0.031082322858865627	0.030791193488904373
344.0	0.023123677460225624	0.02437921080215892	0.029507063155987893	0.029568488471137043	0.02929153827471827
345.0	0.02451987450609904	0.02550610521088678	0.029533130051861766	0.029576043268538056	0.029299022310746974
346.0	0.02395345318787576	0.02489792877396634	0.028754387261589846	0.02879508755227274	0.02852538133561533
347.0	0.023133471216509844	0.02398029049060526	0.02743775594714477	0.027472856860467035	0.02721553518113617
348.0	0.022333487531781084	0.023037801404377993	0.025912975816783236	0.025939572829419555	0.02569661249672208
349.0	0.02419150169340295	0.0246618801224436	0.02658070186464928	0.02659067623094965	0.026341617405284207
350.0	0.024676711076724984	0.02505077525326984	0.026575895631311738	0.026579261136761796	0.02633030922934781
351.0	0.023258473695828785	0.023480625258949266	0.024385099517226293	0.024379874525607807	0.024151522945925943
352.0	0.02416931246620978	0.024165765730037758	0.024147692173802082	0.02412717019685602	0.023901185546082462
353.0	0.024782515842719996	0.024735692076075684	0.02454065757595591	0.024516834216118076	0.024287199817481734
354.0	0.018702754686771884	0.018493623887422234	0.017636152156520406	0.01760698304536227	0.01744206905483452
355.0	0.021620321757555693	0.02131551540816034	0.020066592531196786	0.020028813370028365	0.019841215555542073
356.0	0.023330980051822173	0.022796106647316478	0.020606662745964982	0.020552633741706038	0.020360129617622836
357.0	0.019293415705005434	0.018932634523228943	0.017455290972175137	0.017415861489556744	0.017252737619286154
358.0	0.019447171879069032	0.018807237132257626	0.01618898996868945	0.01613145731616425	0.01598036368494199
359.0	0.023069769597426404	0.022281693502770043	0.01905746681286095	0.0189873539812068	0.01880951088839805
360.0	0.02386259619210087	0.023334087868828048	0.02117057889722717	0.021116513358081915	0.020918727713743195
361.0	0.02268218950941882	0.021636136188843552	0.01735763223003863	0.017271234254846442	0.017109465020289732
362.0	0.017455037823101743	0.01649221480364145	0.012554641076845084	0.012477991058244499	0.012361117241677844
363.0	0.02258490109737352	0.02134920244423333	0.01629564584689269	0.01619711872334579	0.016045410081012915
364.0	0.01944652460689766	0.018262314076406418	0.013419650430123163	0.013327073628864452	0.01320224696787201
365.0	0.024572749061115017	0.023013460332730752	0.016637119713384683	0.016516088269503106	0.016361392031649602
366.0	0.023085183832000172	0.021464742361557328	0.014838695052553938	0.014714975146054722	0.01457714884844307
367.0	0.02160074275996356	0.020033073984613285	0.013622924716070853	0.013503849126157152	0.013377366715502999
368.0	0.020753453688069017	0.01921303098597768	0.012914359931288793	0.012797750075603385	0.0126778812688818
369.0	0.025037463780382716	0.023240664107435062	0.015893564278226427	0.01575684984462818	0.01560926493503576
370.0	0.02314628300034153	0.021326984201079337	0.013888212027827513	0.013751636844144936	0.013622833555258713
371.0	0.023771590935842406	0.02203521792385791	0.014935264992219473	0.01480350417740334	0.014664848681690885
372.0	0.02202745924303906	0.020417006380068048	0.013831938399778148	0.013709749748995432	0.01358133879137495
373.0	0.023349972557442526	0.021607575355094034	0.014483064405236688	0.014351269715576199	0.0142168500272963
374.0	0.022027415288696416	0.020336256816449863	0.013421350733684757	0.013293965667344752	0.013169449108391684
375.0	0.020262917454977436	0.018625975037842295	0.011932907368457587	0.011810494701296286	0.011699872920145411
376.0	0.01926331836062262	0.017637155265042476	0.010988289911273775	0.010867410607423902	0.0107656221261586
377.0	0.020696394026546924	0.01913521830165369	0.012751739560398986	0.012633841374087667	0.012515507801299638
378.0	0.0	0.0	0.0	0.0	0.0
379.0	0.0	0.0	0.0	0.0	0.0
380.0	0.0	0.0	0.0	0.0	0.0
381.0	0.0	0.0	0.0	0.0	0.0
382.0	0.0	0.0	0.0	0.0	0.0
383.0	0.0	0.0	0.0	0.0	0.0
384.0	0.0	0.0	0.0	0.0	0.0
385.0	0.0	0.0	0.0	0.0	0.0
386.0	0.0	0.0	0.0	0.0	0.0
387.0	0.0	0.0	0.0	0.0	0.0
388.0	0.0	0.0	0.0	0.0	0.0
389.0	0.0	0.0	0.0	0.0	0.0
390.0	0.0	0.0	0.0	0.0	0.0
391.0	0.0	0.0	0.0	0.0	0.0
392.0	0.0	0.0	0.0	0.0	0.0
393.0	0.0	0.0	0.0	0.0	0.0
394.0	0.0	0.0	0.0	0.0	0.0
395.0	0.0	0.0	0.0	0.0	0.0
396.0	0.0	0.0	0.0	0.0	0.0
397.0	0.0	0.0	0.0	0.0	0.0
398.0	0.0	0.0	0.0	0.0	0.0
399.0	0.0	0.0	0.0	0.0	0.0
400.0	0.0	0.0	0.0	0.0	0.0
401.0	0.0	0.0	0.0	0.0	0.0
402.0	0.0	0.0	0.0	0.0	0.0
403.0	0.0	0.0	0.0	0.0	0.0
404.0	0.0	0.0	0.0	0.0	0.0
405.0	0.0	0.0	0.0	0.0	0.0
406.0	0.0	0.0	0.0	0.0	0.0
407.0	-0.034624980015238525	-0.034745207046775445	-0.03523144013810046	-0.03521010864013334	-0.03488031678977438
408.0	-0.03683505815788067	-0.03698909083002168	-0.03761315797533585	-0.03759214746829348	-0.03724004449699142
409.0	-0.03802152755495731	-0.03809147956887298	-0.03837173936092413	-0.03834431887807889	-0.03798517077081426
410.0	-0.039263541674174535	-0.03932785510942679	-0.039584886548111764	-0.03955606016057006	-0.039185562403579136
411.0	-0.04094149199328009	-0.04095224899220588	-0.04099015064623277	-0.040956466999954845	-0.04057285247673585
412.0	-0.04177816642138847	-0.04178124578472582	-0.0417876456151983	-0.04175276511485172	-0.04136169214747892
413.0	-0.04249911118836202	-0.042481403410475835	-0.04240274093028859	-0.04236591665600224	-0.04196910066795895
414.0	-0.04372551390815059	-0.04366514285724679	-0.04341193703149841	-0.04337133602382446	-0.042965102878965655
415.0	-0.04382424462707209	-0.043796609725567856	-0.04367717960661081	-0.04363860350726279	-0.043229867029108006
416.0	-0.04548895210477483	-0.04543545380862568	-0.04521007536557038	-0.045168436219354104	-0.04474537072090026
417.0	-0.04592234041828604	-0.04582087314820676	-0.04539938474251407	-0.045354293090313386	-0.04492948678262481
418.0	-0.04624536675959844	-0.046233829990491145	-0.04617983334832347	-0.046140260891563825	-0.045708092897589966
419.0	-0.04785701962017643	-0.04771223112850674	-0.0471134055268241	-0.047063900077533014	-0.04662308091233311
420.0	-0.04910588806165426	-0.048953328634010446	-0.04832255887087012	-0.048271504464008186	-0.04781937439689065
421.0	-0.04911875981999827	-0.0490088597372573	-0.048552433789626835	-0.04850411531424016	-0.048049806521611726
422.0	-0.04897671341494518	-0.04886883049258965	-0.04842066956673189	-0.048372600240127586	-0.04791952326987524
423.0	-0.049861179377226124	-0.049802954090584245	-0.04955760945850945	-0.04951199483899878	-0.049048245846798344
424.0	-0.04980027529132199	-0.04977711277340646	-0.04967507621065534	-0.049631770341606235	-0.04916689948453472
425.0	-0.05009981058289005	-0.050072433699416455	-0.04995312897654821	-0.04990930025107386	-0.04944182993873214
426.0	-0.050876970947355514	-0.05089410951687512	-0.050956621237943076	-0.05091500622446282	-0.05043811607089001
427.0	-0.052606375639441226	-0.052624950080818175	-0.052693074067957896	-0.052650099423304494	-0.052156957698271826
428.0	-0.05176060684364635	-0.05180000758988867	-0.05195337242707082	-0.051912448885723474	-0.05142621628836849
429.0	-0.05142162235972546	-0.05148636954200945	-0.05174337365515847	-0.05170436673993876	-0.051220083122550567
430.0	-0.05267733314567842	-0.0527230151147732	-0.05290191514240727	-0.05286062631140587	-0.05236551270800731
431.0	-0.05217466727808958	-0.052264369432965696	-0.052623251262381196	-0.052585218852247255	-0.052092684824427984
432.0	-0.051433463460144026	-0.051534155251370256	-0.05193806068233215	-0.05190135821724361	-0.05141522949952314
433.0	-0.0521767254206368	-0.05231557200556454	-0.05287530333514392	-0.052840433496100264	-0.052345509026672295
434.0	-0.05217138226785692	-0.052331602846212716	-0.05297868896413973	-0.05294519983475139	-0.05244929408223104
435.0	-0.05181448909734759	-0.05206228992504859	-0.05306736315749054	-0.053039812786257454	-0.05254302085133289
436.0	-0.05116379096440779	-0.05143360561787784	-0.05252874413373342	-0.05250315753775328	-0.05201139212886588
437.0	-0.051514688901609686	-0.05175091147564416	-0.052708709591193566	-0.05268066544761786	-0.052187237429186135
438.0	-0.051208265873904625	-0.05151120736539368	-0.05274172633739681	-0.05271823536085091	-0.0522244554477376
439.0	-0.05095485732715109	-0.05123417841862788	-0.05236820000618994	-0.05234340093815738	-0.051853131872985146
440.0	-0.05094029565379798	-0.051266505695081815	-0.05259216125538112	-0.052570393487867836	-0.052077998320419205
441.0	-0.05070963956827365	-0.05104150245902725	-0.052390294963655465	-0.05236908483931718	-0.05187857520856186
442.0	-0.04986749013031591	-0.05022470116620294	-0.051677214425930845	-0.051658343517041086	-0.05117449097157654
443.0	-0.049382366659903074	-0.049740825759513954	-0.05119851159041665	-0.051180128372398416	-0.05070075497975578
444.0	-0.04984317266085024	-0.05019693530678296	-0.051635358841237926	-0.051616286316293135	-0.051132827695259106
445.0	-0.04891299942906376	-0.04931162855203125	-0.05093355591367608	-0.0509181532542458	-0.05044123362454401
446.0	-0.04859507492753138	-0.04901897547829848	-0.050744232444580956	-0.05073072389878527	-0.05025555980682013
447.0	-0.04812129209996895	-0.04854407552798107	-0.05026483703682185	-0.050251654370766646	-0.04978097743411592
448.0	-0.047903220426229125	-0.048349549424268515	-0.050166572295933416	-0.0501550887786205	-0.04968531631363963
449.0	-0.04670799259381161	-0.047156953917538505	-0.04898491187281274	-0.04897460141052583	-0.04851588585870452
450.0	-0.046968214698558705	-0.04742711698509586	-0.0492956644250827	-0.04928577554516089	-0.048824145412912426
451.0	-0.04582942950677934	-0.0462885912305777	-0.04815836757083683	-0.04814945156929129	-0.04769846469834361
452.0	-0.044907613769273914	-0.04540372709393377	-0.04742465848571121	-0.04741889571130735	-0.04697475151646126
453.0	-0.04330213936376054	-0.04382757648048785	-0.045968589826010424	-0.045966063170998356	-0.04553552678228723
454.0	-0.04379223867684728	-0.04431131264072209	-0.046426247671407246	-0.04642289979851698	-0.04598808449665656
455.0	-0.04226218696187581	-0.04280946902003485	-0.0450399150602236	-0.04503966814127115	-0.044617808736053685
456.0	-0.041723936866689494	-0.04229777268651659	-0.044636821758517145	-0.04463873651478317	-0.04422063239430044
457.0	-0.040127203541917275	-0.040689981281835236	-0.04298407316280672	-0.04298661660125916	-0.042583986891513534
458.0	-0.04025849558898553	-0.040823444525426744	-0.04312639049485921	-0.04312896349322884	-0.042725000506004744
459.0	-0.039135856694457044	-0.03969270220480296	-0.04196269625380586	-0.04196569010747365	-0.04157262280041362
460.0	-0.03891304942604468	-0.03942718161067629	-0.04152264230962896	-0.041523073027143934	-0.04113415144728545
461.0	-0.0373771470911815	-0.037916660671047694	-0.04011608072688584	-0.04011943530598751	-0.03974366075406309
462.0	-0.03752852792120584	-0.03804305885256436	-0.040140354181274894	-0.04014197307793247	-0.03976598742827889
463.0	-0.035826875067758814	-0.03636225371358643	-0.03854500410657036	-0.038549394122694494	-0.03818832519955108
464.0	-0.03579398159760477	-0.036319252999761714	-0.03846070067364723	-0.038464467525903545	-0.03810419405896291
465.0	-0.03421116289704115	-0.034703603785562365	-0.036711109813774304	-0.03671409178690617	-0.036370213033744735
466.0	-0.03386744665878284	-0.03436974923727276	-0.03641761018152968	-0.03642151572584289	-0.03608037735618143
467.0	-0.033342720024670605	-0.03378891093310843	-0.035607525142506334	-0.0356082583661316	-0.03527473728760748
468.0	-0.03250702213222822	-0.03297353049943498	-0.034875304449909356	-0.034878047557415845	-0.03455136592311618
469.0	-0.03089408643890098	-0.031360941023026175	-0.033264368734655804	-0.033268488425559795	-0.032956882560832165
470.0	-0.03099233853991336	-0.031389281500230626	-0.033006970810633925	-0.03300650655273882	-0.032697354514160996
471.0	-0.029344556177636125	-0.02971548854828246	-0.031227118377173114	-0.031226362906030137	-0.03093388439927193
472.0	-0.028465573456559364	-0.02880499485467756	-0.03018797170515224	-0.03018592534572998	-0.029903191990035723
473.0	-0.027335369387392654	-0.02767324091641818	-0.02905005088979853	-0.02904885370650486	-0.02877677061502213
474.0	-0.02665573688023262	-0.026992838014816337	-0.028366600061113783	-0.028365923922999588	-0.02810023742288493
475.0	-0.02542190089337582	-0.025761110798811087	-0.027143673913170203	-0.027144169536658033	-0.026889926472972107
476.0	-0.024780999193811652	-0.02510280911798278	-0.026414354627593693	-0.026414268034530914	-0.026166861517961333
477.0	-0.02380320313559937	-0.024106004480989443	-0.02534000803936036	-0.025339518526995647	-0.025102178540810868
478.0	-0.022622201607264972	-0.022893234491181684	-0.023997577446313867	-0.023996034054720804	-0.023771277677239556
479.0	-0.021397402110268363	-0.02162816225105945	-0.02256809469051539	-0.022564986622834578	-0.02235363400348088
480.0	-0.020687249662844943	-0.020900235424048806	-0.021767630371986736	-0.021763974127043437	-0.021560124108592475
481.0	-0.019527204436818296	-0.0197265043640033	-0.02053813802376639	-0.020534574603434518	-0.020342239628793543
482.0	-0.01847618356093299	-0.018703737871220018	-0.019631000798496334	-0.01963013909731594	-0.019446275424559397
483.0	-0.01760690274042746	-0.017795435153505765	-0.01856334704879347	-0.01856070270166578	-0.018386855794569112
484.0	-0.01687695987059708	-0.01705096129282828	-0.01775959412665632	-0.017756627053667453	-0.01759031143817439
485.0	-0.015765273860780454	-0.0159516019695755	-0.0167107776848226	-0.01670953771956478	-0.016553029558311894
486.0	-0.015332710730191943	-0.015468572888677194	-0.016021561880862213	-0.016017435725594928	-0.015867410066247097
487.0	-0.013540028786026793	-0.013737985011960177	-0.014545013468663286	-0.014546390624661176	-0.014410143357535897
488.0	-0.012532833333322021	-0.012732827095888211	-0.01354833193703395	-0.013550685970729587	-0.01342376486853291
489.0	-0.011894156272339845	-0.01205358935203513	-0.012703420112005526	-0.012703698795819344	-0.012584710911602782
490.0	-0.010898506526447076	-0.011073223201579163	-0.0117856643407909	-0.011787763091924006	-0.011677354225001203
491.0	-0.009978682777065012	-0.010138175793736152	-0.01078853510010981	-0.010790425958355178	-0.010689358546804008
492.0	-0.0093198019975548	-0.00947461953743668	-0.010105968049439138	-0.01010811108934729	-0.010013434509628931
493.0	-0.008797248488973423	-0.008950374585490821	-0.009574887652957727	-0.00957736054338982	-0.009487655183908853
494.0	-0.0077336794080405	-0.007903380853004904	-0.008595793658316852	-0.008600226817176804	-0.008519673679953333
495.0	-0.006805707177605967	-0.006941541582756831	-0.007495679582487905	-0.007498711284933207	-0.007428475379296053
496.0	-0.006590648715365373	-0.006726062789560502	-0.007278514766118435	-0.007281699976879708	-0.007213496685273064
497.0	-0.005727266890699008	-0.005867616533202074	-0.0064403676526142515	-0.006444595586602939	-0.006384232946917567
498.0	-0.005121708991047691	-0.005272898912266056	-0.005890043136603097	-0.00589547750459664	-0.005840258122786926
499.0	-0.004363409472631265	-0.004502665954412714	-0.0050711513241641065	-0.00507645402626401	-0.005028905943370128
500.0	-0.00401811866845593	-0.004148414097714475	-0.004680327401220202	-0.00468534304256831	-0.004641458260352811
501.0	-0.0031489917590979046	-0.0032682695306659854	-0.0037552831228546127	-0.003760319118952707	-0.003725098477889618
502.0	-0.0026242570603546038	-0.0027399677758908336	-0.003212480750344078	-0.0032177276619121667	-0.003187589147757673
503.0	-0.0024558403412288867	-0.0025568793129066565	-0.002969454843668471	-0.0029738984847193445	-0.0029460437713927116
504.0	-0.0018706325207631764	-0.0019557345481280236	-0.002303263556991015	-0.0023071724201324775	-0.0022855625277042038
505.0	-0.0012930290934622542	-0.0013778080887796537	-0.0017241024034482953	-0.001728475448353896	-0.0017122858614151966
506.0	-0.0010391419603928975	-0.0011082147451730406	-0.0013903564781029127	-0.001393931410204418	-0.001380875295480347
507.0	-0.00029067450725947183	-0.0003369308661607967	-0.0005259342940754572	-0.0005286685738590991	-0.0005237168542220603
508.0	4.02410981336346e-05	1.6507658495596065e-06	-0.00015607114670718482	-0.00015858967949631338	-0.00015710426564320235
509.0	0.0005307088484727295	0.000506124992962187	0.00040557394458472674	0.00040354543914844347	0.00039976567240809747
510.0	0.0008470593407059849	0.0008293616997885327	0.0007569072866409787	0.0007550565473640996	0.0007479843880929726
511.0	0.0012665805092063323	0.0012623142876434779	0.00124469102346303	0.0012433528547360323	0.0012317071184799705
512.0	0.0016124242924268244	0.0016305353673032913	0.0017043153261549868	0.0017041275956119811	0.0016881660602892476
513.0	0.0017581523731617981	0.0017882906113963464	0.0019112031598228748	0.0019116674715851946	0.0018937620354296009
514.0	0.002199302825641737	0.0022280009441508165	0.002344962512386582	0.002344963688890691	0.002322999828412317
515.0	0.0026623223983866027	0.0027079851513070307	0.002894211428207519	0.002894916147863129	0.0028678012144179544
516.0	0.0030054402215802505	0.003066085893320432	0.0033134954992243403	0.0033148768385734342	0.003283828386648332
517.0	0.0035986914176314184	0.003671520322861061	0.003968634109560191	0.003970301780261167	0.003933114358237579
518.0	0.0033967321812880557	0.003478539797764562	0.0038123788417111066	0.003814794205210145	0.0037790633288513646
519.0	0.0037370557460144962	0.003838500471607498	0.004252544604351911	0.004255938606559671	0.004216075796682952
520.0	0.003969748890478518	0.004067882044731298	0.004468357569447675	0.004471342967703866	0.00442946259509713
521.0	0.004356282565586867	0.004462917401820575	0.004898081471855122	0.004901289723712096	0.004855382299171535
522.0	0.004454042039137873	0.004581152176478663	0.005099982878524797	0.005104427405792912	0.005056617313118917
523.0	0.0047538832731208545	0.004874526092590516	0.005366880932690491	0.005370657284124095	0.005320353576754679
524.0	0.004926823484124466	0.00505524142637721	0.005579347038591111	0.005583478804518033	0.005531181726335887
525.0	0.005458764561486156	0.005606711174767817	0.006210550327785433	0.006215492859902305	0.006157276087277114
526.0	0.00535312707403407	0.00551170250169568	0.006158996506039516	0.006164712101431581	0.006106970961547829
527.0	0.0056616311415702255	0.005846812175601774	0.00660279573437744	0.0066099653713658875	0.006548053812674123
528.0	0.005790044203797875	0.005980510568022413	0.006758075885240164	0.0067654780115224	0.00670210985973155
529.0	0.006297085618659497	0.006487191743068313	0.00726320971756316	0.007270162914692619	0.007202067683817621
530.0	0.0063727375410163834	0.006568968833431759	0.007370008735381891	0.0073772927976288845	0.007308194145759744
531.0	0.006545741786320188	0.006778450906010695	0.007728547490930423	0.007738035016419535	0.007665557509790243
532.0	0.00647085792677948	0.0067098794025323765	0.007685785226242939	0.007695742065885704	0.007623660691818112
533.0	0.0068326687543368856	0.007074353764953944	0.008061091700462451	0.00807091624694124	0.007995320842609892
534.0	0.0068930393434125554	0.007177881972989602	0.008340993102527504	0.00835354578113288	0.008275303156447353
535.0	0.007259036322736766	0.007512420951607474	0.008546911274023577	0.008557131135742264	0.008476981649817401
536.0	0.007237680977932029	0.007511148455932608	0.008627719122022273	0.008639250004057995	0.00855833136023473
537.0	0.007655563341386894	0.0079465744539556	0.009134782843961815	0.009147092448838198	0.009061417151152443
538.0	0.007792220741435764	0.008083879760112022	0.009274715864192968	0.009286952442761785	0.00919996716087077
539.0	0.007685211884470573	0.00801293557327441	0.009351181272612828	0.009365829823398418	0.00927810574467738
540.0	0.00779148740797711	0.008132872634963158	0.00952693633902501	0.009542375291921413	0.00945299761828848
541.0	0.007984416211116336	0.008321198074988803	0.009696419596698569	0.009711400157957828	0.009620439330350773
542.0	0.008272181655681582	0.008645111469127605	0.010168024496466869	0.010185090922369525	0.010089693319100975
543.0	0.008339379357659776	0.008692321194929652	0.01013353483061979	0.010149257853615562	0.010054195877078554
544.0	0.008550317203271237	0.008920028402017569	0.010429746000730624	0.010446371652523663	0.010348526790247264
545.0	0.008617141756306864	0.009006977637650324	0.010598933495311385	0.010616798821289833	0.01051735767052847
546.0	0.008763339149561468	0.009138922245178403	0.010672606332349984	0.010689431199829237	0.010589309745379293
547.0	0.00876060905763663	0.00916465705406309	0.01081467557895662	0.010833335529611441	0.010731866210116259
548.0	0.008479502041922353	0.008896804058567027	0.010601032443594042	0.010620781820498392	0.010521303363400276
549.0	0.008780924705126493	0.009216337836650546	0.010994540439436491	0.011015202862612903	0.010912030101520497
550.0	0.00871260631582316	0.00917169291912833	0.011046657438987901	0.011068901506812917	0.010965225782921445
551.0	0.008940694924216279	0.009395128562717583	0.011251042976177194	0.011272795936915454	0.011167210456875035
552.0	0.009025439567193037	0.009506449584998685	0.011470967231803596	0.011494360230461144	0.011386699491335042
553.0	0.009195530787442209	0.00968237620900839	0.011670717555462912	0.011694343466610514	0.011584809605135684
554.0	0.00898445338412444	0.009498953114048489	0.01160034691036479	0.011625930649969494	0.011517037570099057
555.0	0.009180087781307114	0.009678345955209874	0.0117133326984906	0.011737706417686612	0.01162776640160971
556.0	0.00927798380924394	0.009824190556520798	0.012055125229505243	0.012082504051597404	0.011969334524075878
557.0	0.009437870061206608	0.00996929629160304	0.012139800367597034	0.012166093258005474	0.012052140800797126
558.0	0.009608597015826364	0.010157445234355139	0.012399126465563471	0.012426397768750787	0.012310007196203846
559.0	0.009691647131224789	0.010269748042055642	0.012630970659153024	0.012660055744826907	0.012541476638965815
560.0	0.009289886981919607	0.009893994029109274	0.012361561364660363	0.01239265826227094	0.012276583707360083
561.0	0.009724056991018365	0.010306885951947023	0.012687426976601137	0.012716789278040952	0.01259767878339594
562.0	0.00980179782008017	0.01040010010319212	0.012843867990056029	0.012874161309275049	0.012753576805741594
563.0	0.009868579147621294	0.010502432773663011	0.013091486594031792	0.013124012911654149	0.013001088198879572
564.0	0.010126293007883952	0.010738836544788799	0.013240759385325467	0.013271697206475044	0.01314738922397642
565.0	0.010334695937425444	0.011006834024317822	0.013752284715445193	0.013786884711280686	0.013657751278194675
566.0	0.009981288175450014	0.010657279229001528	0.013418529044428933	0.013453673860707883	0.013327661412682885
567.0	0.010236894821059956	0.01092402786898071	0.013730776383361431	0.01376642398906443	0.013637482199230291
568.0	0.00997044676380358	0.010669862604584225	0.013526849471396974	0.013563511659904827	0.01343647042747648
569.0	0.010300739778975172	0.010992761329245183	0.013819479354164695	0.013855388112511184	0.013725613049394594
570.0	0.010463979021112672	0.011173144066609974	0.014069902174530788	0.014106777701135557	0.01397464802337864
571.0	0.010607476153599409	0.011316910908699379	0.01421475005573506	0.014251522461872716	0.014118037047245876
572.0	0.010196134927615444	0.010928122121333777	0.013918192387262858	0.013956762274206629	0.013826037700482973
573.0	0.010039500748626282	0.010760430099213588	0.01370533093334326	0.013743320347565119	0.013614594955623584
574.0	0.01012257650046988	0.01082412375333648	0.013689799027386946	0.01372647071794716	0.013597903146313086
575.0	0.01011512455202918	0.010828062480012241	0.013740291739767947	0.013777703107232944	0.01364865567271558
576.0	0.009777350020236266	0.010530931437177838	0.013609317765594108	0.013649629686052314	0.013521781838044217
577.0	0.01014134427548937	0.010877498881407658	0.013884609177657197	0.013923493399514184	0.013793080435275624
578.0	0.01058884679196583	0.011313636723506958	0.01427423414719854	0.01431201088059915	0.014177958907446171
579.0	0.010441826364171736	0.011213703145164927	0.0143667629541093	0.014407694948498464	0.014272746760418743
580.0	0.010030645809174657	0.010830665829226191	0.014098805938695669	0.014141895258036568	0.01400943665535338
581.0	0.01052595088499679	0.01135467648543816	0.014740060938303084	0.014784582665552161	0.014646104397579046
582.0	0.01040627978765645	0.011175604166566815	0.014318237751692118	0.0143590352491167	0.014224542827090327
583.0	0.01051741361675419	0.011276160415140993	0.0143755477243422	0.014415570842355688	0.014280548885521691
584.0	0.010318756721598177	0.01111974437211116	0.014391796463564206	0.01443470617594351	0.01429950499000364
585.0	0.010157170228034132	0.01091379151104042	0.014004545323905852	0.014044734060856335	0.013913185508480867
586.0	0.010395466076575918	0.011160277279031273	0.014284467432622502	0.014324983416441308	0.01419080993739064
587.0	0.010167082107093309	0.010906331047362834	0.013926083858425923	0.013965145706896756	0.01383434261061944
588.0	0.009572661944405916	0.010350922479678452	0.013530200921092101	0.013572273739462081	0.013445150437960938
589.0	0.00962285471445338	0.010372008768203479	0.013432323650054272	0.013472480223573204	0.013346291627728948
590.0	0.010213010605823317	0.010918934018386854	0.013802480958287455	0.013839358487491633	0.013709733564211546
591.0	0.01033372442476198	0.011077795174970734	0.014117229710139761	0.014156462103925991	0.014023867062353989
592.0	0.009442711077372429	0.010186113263418534	0.013222947339838963	0.013262884820014744	0.013138659377893741
593.0	0.009782774173920813	0.010522765514957257	0.013545609362639249	0.013585041694353154	0.013457798803099476
594.0	0.00988369313418974	0.010627371971842933	0.013665271415846399	0.013704856441196919	0.013576491317478553
595.0	0.009462795712058016	0.010176629271893632	0.013092615493690214	0.013130632252664786	0.013007645540557573
596.0	0.009542308028441712	0.010248955450694482	0.013135560665264548	0.013173047963006224	0.013049663968519773
597.0	0.009634323346733488	0.010330640969347228	0.013175015401437989	0.01321176032655869	0.01308801373670702
598.0	0.009551985253807549	0.010266966088755297	0.013187627938054907	0.013225643680055205	0.013101767053214997
599.0	0.009691443942631607	0.010426238648056703	0.013427857735610678	0.01346703215251037	0.01334089458545416
600.0	0.009256256044090012	0.00993880235489921	0.012726950384357187	0.012763126047541764	0.012643581544377665
601.0	0.00974809158076266	0.010478134113252897	0.013460323019850555	0.013499143891203394	0.013372705552856752
602.0	0.009770668137654006	0.01042409209119564	0.013093142949797892	0.01312701156710436	0.013004058767743142
603.0	0.009826916442438556	0.01047471932571443	0.013120788940632065	0.013154248401346689	0.013031040490984242
604.0	0.009112418724902501	0.009807195250428502	0.012645348596499718	0.012682432507768937	0.012563643812327486
605.0	0.009244549682952524	0.009897689618968704	0.012565657610550651	0.012599949692646353	0.01248193356396218
606.0	0.009495871214580206	0.010163181548011609	0.012889025741719892	0.012924019203261873	0.012802967710943892
607.0	0.009288435350657537	0.00995373498197015	0.012671392289667788	0.012706430458840911	0.012587416989050774
608.0	0.009429616191683159	0.010031674767891203	0.012490849460544292	0.012521697138972105	0.01240441395473276
609.0	0.009348649644269826	0.009926144667126251	0.01228494184418891	0.012314275913774337	0.012198935519031003
610.0	0.008926392783014095	0.009540051892937496	0.012046711648105808	0.012078728787136988	0.0119655946202761
611.0	0.008950962159309751	0.009537501036435591	0.011933318683475058	0.011963568982259074	0.011851513447816802
612.0	0.008908136900593566	0.009494104595453483	0.011887594201359885	0.011917843680961934	0.01180621642783709
613.0	0.008894157920214007	0.009467757203655903	0.011810700057718221	0.011840164900520568	0.011729265217673139
614.0	0.008754653497116374	0.009311319372471157	0.011585077240824844	0.011613568913615903	0.011504791618696029
615.0	0.009378335796875146	0.009944432616094866	0.01225664174712177	0.01228521698624882	0.012170148768946534
616.0	0.00888008859026915	0.009368317550387225	0.011362360022520385	0.011386339875649075	0.011279690898037107
617.0	0.008172688816479963	0.00873581812898673	0.011036077767788702	0.011065474249713957	0.010961830626927332
618.0	0.008976607659383852	0.00951934284359612	0.011736134103328561	0.01176354244787274	0.011653360441307676
619.0	0.008556985450845083	0.00899855691447755	0.010801961338899642	0.010823208312395066	0.010721833848455006
620.0	0.008286306817230226	0.008855690574038046	0.011181494862429621	0.011211198655303954	0.0111061901199081
621.0	0.008398386651678085	0.008885819138120084	0.010876677795320665	0.010901010823293629	0.010798907630185227
622.0	0.008149582206607735	0.008662793480432262	0.01075904505164105	0.010785246824770837	0.01068422792322635
623.0	0.00831923816373584	0.008837778773779685	0.010955785846881574	0.010982188313417837	0.010879324779738561
624.0	0.00849698667065893	0.008997136085579355	0.011039953330915753	0.011065022384396508	0.01096138299392661
625.0	0.008189209920603246	0.008628947863905646	0.01042491327022494	0.01044635098787626	0.010348506319190019
626.0	0.00894004652252894	0.009372523104704654	0.011138700680108023	0.011159040419854702	0.011054520419118637
627.0	0.008818007444765392	0.009249884970943693	0.011013632314951826	0.011034035952172679	0.010930686792887804
628.0	0.008452008572283815	0.008852146930724877	0.010486232730764369	0.010504900063081113	0.010406507000500838
629.0	0.008026843250124826	0.008426543193615955	0.010058900169060204	0.010077896260203414	0.009983502684694298
630.0	0.00841010688931912	0.0088211626177471	0.010499873139276052	0.01051927859894804	0.010420750861300558
631.0	0.007864050730779545	0.00823493473165007	0.00974954709218171	0.00976682447737287	0.009675344523613356
632.0	0.008454118743218922	0.008886815850350008	0.010653966637837655	0.010674728582881073	0.01057474483900617
633.0	0.007343556251908209	0.007781497909243082	0.009570247222113531	0.009592279328718801	0.00950243423412397
634.0	0.00748569119788169	0.007843238898537124	0.009303402761256593	0.009320139139297686	0.009232843017671685
635.0	0.008291596777077706	0.00867260642465939	0.010228538287408842	0.010246108653854735	0.010150139534302865
636.0	0.007256517538334536	0.007677523918526174	0.00939707283937461	0.009418087603122583	0.009329874057347604
637.0	0.007717415953758363	0.008070959055324282	0.009514722098060474	0.009531006062755016	0.009441734877840658
638.0	0.008415499057773073	0.00874341825100099	0.010082354843151347	0.010096402801013099	0.010001835885860769
639.0	0.007640245961726066	0.007943334148096198	0.00918090295110446	0.009194003032711102	0.009107888351886997
640.0	0.006682231988279917	0.007034095981001852	0.008471149885089482	0.008488194921425983	0.008408691119493135
641.0	0.007799677731268698	0.008095780624682768	0.00930477742605477	0.009317293874497635	0.009230024402718522
642.0	0.007503620151404162	0.0078122340200829955	0.009072406122940873	0.009085976707788546	0.009000873844396108
643.0	0.008110984480124652	0.008432331559921203	0.009744453473720978	0.009758333951738953	0.009666933523585853
644.0	0.007988956938724976	0.00827516488722857	0.009443693726557963	0.009455414134686355	0.009366850973732993
645.0	0.007414691501188738	0.007720522997470348	0.008969336907404549	0.008982803009937989	0.008898666512341953
646.0	0.008173563811339634	0.008368602968224476	0.009164504082132388	0.009170199333050636	0.009084307607067008
647.0	0.007817293740240842	0.008104005377206656	0.009274618170556033	0.009286515145970996	0.009199533959972656
648.0	0.007370331903981712	0.0076312865507960174	0.008696698522937939	0.008707312352435255	0.008625756209640408
649.0	0.008028689815878037	0.008292502105067108	0.009369495588490932	0.009379740629083068	0.009291886256201929
650.0	0.007989073326547367	0.008182280838353203	0.008970723462598166	0.008976455684284488	0.008892378638200124
651.0	0.0075049518759233895	0.0077853537575120445	0.00893022527013588	0.008941978230483273	0.008858224113959265
652.0	0.00753397935344314	0.007756901595516957	0.008666853594993045	0.00867488119803591	0.008593628818283232
653.0	0.006653196355762115	0.0069160396874864095	0.007989276753893682	0.008000614329894313	0.007925677401228017
654.0	0.007462137907853885	0.007652116411881897	0.008427440323482098	0.008433407074624946	0.008354416437322201
655.0	0.00638514677944484	0.006611558532673126	0.007535942003174633	0.0075451588979999	0.007474487945634021
656.0	0.006572524190361649	0.006776747720733691	0.0076104217544860795	0.007618052669341133	0.007546698964973781
657.0	0.007026778560271107	0.007260186688784793	0.008213068855164884	0.008222197488768585	0.008145185124286965
658.0	0.007269488026123137	0.007517556041939626	0.008530316195974592	0.008540184957242935	0.008460194195948078
659.0	0.00724271124150451	0.0074238109478845194	0.008162880328745126	0.008168459634313837	0.008091950599875011
660.0	0.007243885205100672	0.007390349581078258	0.007987866645889739	0.007991214874808156	0.007916365985107036
661.0	0.006706916486561592	0.006907582361372204	0.007726696611876431	0.007733985615657501	0.007661546037305853
662.0	0.0069915046606439015	0.007175090854799679	0.007924359526535724	0.007930309855473022	0.007856031426372295
663.0	0.007429282381080628	0.007597408442455076	0.008283427832971979	0.008288015141471239	0.008210386302700736
664.0	0.006750718208582288	0.0069331921095468554	0.007677950566523721	0.00768403145223087	0.0076120597643882775
665.0	0.006558828030117314	0.006727587863255573	0.007416326305929995	0.0074216852930652265	0.007352170843452499
666.0	0.007573171810268677	0.0077194524695219785	0.008316169945802847	0.00831922986219637	0.008241308653952697
667.0	0.005651550259781452	0.005823230029744839	0.00652403637101338	0.006530345156356867	0.006469179352188525
668.0	0.00541519829007263	0.005596700425986175	0.006337685073407919	0.006344824750217616	0.006285396603800892
669.0	0.006992468117876361	0.00715091782676461	0.007797455320910015	0.00780178635919785	0.007728711732153701
670.0	0.006257224582354449	0.006380377832748997	0.006882770054686515	0.006885445776077729	0.006820953958560199
671.0	0.006597602890042989	0.006763720068756326	0.007441652429300923	0.007446808704801691	0.007377058939343187
672.0	0.0063537414888188565	0.006544767681517131	0.007324537521973536	0.007331502389484901	0.007262832628747318
673.0	0.005966815653504882	0.006111030003640901	0.006699540443932163	0.006703816082137495	0.006641025480423042
674.0	0.006119998343809094	0.0062756783188285085	0.00691102527705639	0.00691591054215318	0.006851133379563973
675.0	0.006130442213826621	0.0062702080746619305	0.006840513629138488	0.006844365451125915	0.006780258408243087
676.0	0.006202402553046587	0.006362522131604249	0.00701600123500424	0.007021103166002652	0.006955340727555811
677.0	0.006200073769399616	0.0063313660414094294	0.006867030329475823	0.006870278090462105	0.006805928339511534
678.0	0.006294745008756466	0.006405364256167915	0.006856525340712123	0.006858362522083909	0.006794124377064498
679.0	0.005842544334252329	0.0059060218891880375	0.006164585164353883	0.006163766685732937	0.006106034400937733
680.0	0.0059452547591216385	0.006000562001667494	0.006225718582367866	0.006224287795568882	0.006165988646037252
681.0	0.005730540230400805	0.005858230510440389	0.006379243227465439	0.0063826533051701065	0.006322870841467354
682.0	0.006571352508802537	0.006602333224981957	0.006727976320845813	0.006724453504766183	0.00666146960470195
683.0	0.006016168259884837	0.006149386691010707	0.006692950282399492	0.006696476479534039	0.0066337546234444544
684.0	0.005808815446492008	0.005931712333726765	0.006433123205116661	0.006436158923760597	0.006375875305198252
685.0	0.006242881406882848	0.006381758537752797	0.006948415269044831	0.006952115458852439	0.006886999186636898
686.0	0.006519279619147865	0.0065978466561386825	0.006917979384224078	0.006917564266868383	0.006852771614796625
687.0	0.006198398605043513	0.0063171694066261825	0.006801659579923666	0.006804102518163851	0.00674037259387817
688.0	0.005917559259037221	0.0059994144859785905	0.006333074898945713	0.006333376731437868	0.006274055811655643
689.0	0.005956115010567307	0.0060633569866413795	0.006500765537022792	0.006502669592037106	0.006441763008153122
690.0	0.005890397376264148	0.005949107394158305	0.00618817899840284	0.0061870133693019	0.006129063346840588
691.0	0.006130192660088938	0.006220353337809301	0.006587926059222105	0.0065885841246967666	0.006526872831196285
692.0	0.005429501163010683	0.005540870704203126	0.00599522628671443	0.00599783827434471	0.005941660140923377
693.0	0.005215687095587447	0.005313356467594877	0.005711752084425272	0.005713661476640775	0.005660145055873206
694.0	0.005911732040570731	0.005976091373593317	0.00623824817002086	0.006237428374084794	0.006179006144684798
695.0	0.005875108424473507	0.00592537483489166	0.0061299402769644145	0.006128243820261675	0.006070844256714536
696.0	0.005314026020849427	0.005375026982709296	0.005623546845175731	0.005623012671367369	0.005570345303264065
697.0	0.005747913281589193	0.005787614662203085	0.0059490204071526625	0.0059467504905677294	0.005891050865565369
698.0	0.005875203909060881	0.0059066193857208755	0.006034142382540223	0.006031232076484814	0.005974741163418432
699.0	0.005526531670617958	0.0055742135854901925	0.005768267984539521	0.00576669779825808	0.005712684618228813
700.0	0.005791778366395991	0.005843949534843101	0.006056311925190651	0.006054808079125672	0.005998096343873504
701.0	0.0055925439462348745	0.005641946418522307	0.005843022840666512	0.0058415080104126296	0.005786794128249291
702.0	0.005445892645815345	0.005489765722809189	0.0056682656099253355	0.005666517889196905	0.005613443033949634
703.0	0.005784309793237665	0.005823219366278873	0.005981383661211432	0.0059790322018185675	0.005923030213497431
704.0	0.005437299728689771	0.005463666886922983	0.005570622596146055	0.005567754923713824	0.005515605121585481
705.0	0.005807965250701953	0.005859305468835235	0.006068269427615475	0.006066698487315577	0.006009875381781235
706.0	0.005550582026215096	0.00558366452192477	0.005718048568203014	0.005715518164464764	0.005661984353188218
707.0	0.005677964466753281	0.005689877229220809	0.005737723215996132	0.0057337227849387	0.005680018461951267
708.0	0.005347331632195294	0.005374646763143586	0.005485490089599583	0.0054827589961401035	0.005431405299599987
709.0	0.005313134721606493	0.005348892113852031	0.005494243427185904	0.005492084625142663	0.005440643581064939
710.0	0.005967519131406306	0.005975998275572428	0.006009768438614937	0.006005303801860545	0.005949055743291683
711.0	0.005351693553771408	0.00536789278178517	0.00543330555446455	0.005429855070583945	0.005378996893199308
712.0	0.005482874238416353	0.005489784889294591	0.005517216483638852	0.0055130577841573	0.005461420297133998
713.0	0.005363765329275611	0.005359400394943498	0.005340767105369376	0.005335982405387829	0.005286003476627339
714.0	0.005449923727199715	0.0054326458222776885	0.0053612253806302555	0.005355536901192715	0.005305374817257645
715.0	0.005593125821109098	0.0055721725709776595	0.005485710052524868	0.005479664687150886	0.005428339973111306
716.0	0.005390526895095547	0.00537432447676293	0.005307308266407758	0.00530173890730513	0.005252080716730756
717.0	0.005748735664915142	0.005727052697536849	0.005637584838149276	0.005631361831102093	0.005578616261411873
718.0	0.005535000051320707	0.005530239594245933	0.005509964479723089	0.005505010536769642	0.005453448423452726
719.0	0.005700992131151752	0.005672499299231722	0.005555207074272942	0.005548585682937748	0.005496615427496817
720.0	0.005383854442993976	0.005375164041076713	0.005338849897623233	0.005333769822825691	0.0052838116179892486
721.0	0.005450657925153147	0.005434552607661234	0.005367924339091049	0.005362310743453242	0.005312085213024023
722.0	0.005839824182697383	0.005780844599974925	0.005538934629510505	0.00553023369548018	0.005478435332020592
723.0	0.00594448579420346	0.005879583992748053	0.005613454838492857	0.005604284707671683	0.005551792753042136
724.0	0.00531948994573989	0.005261067549659172	0.0050215117976652665	0.00501328363498453	0.00496632723094005
725.0	0.005538640906863658	0.005446124757810146	0.005067197806598783	0.005056590415209511	0.005009228382657485
726.0	0.005268363331012285	0.005227481808999815	0.005059621936316237	0.005052566119160662	0.005005241779789628
727.0	0.0054740778026620964	0.005419028707771991	0.005193236511899672	0.005185095749769338	0.0051365300852770565
728.0	0.005115918048193297	0.005094179874869046	0.005004580082123892	0.0049988848618059654	0.0049520633224044465
729.0	0.005458859473505851	0.00542513884868893	0.005286516852469265	0.005279762160477411	0.005230309812825929
730.0	0.0050756831388582046	0.005014742224966786	0.004764929564959627	0.004756743951433619	0.0047121903998700275
731.0	0.005623075160284739	0.005597282297407078	0.005491036190398312	0.005484654066483029	0.005433282619934075
732.0	0.005042688830628425	0.005024032835075388	0.004947040526256687	0.004941605246875678	0.004895320211080256
733.0	0.005304970032310124	0.005273737242873094	0.0051453056371681665	0.005138840343592307	0.005090707925602972
734.0	0.0050949272538086685	0.005084192560653664	0.005039566319731215	0.005034597213513736	0.004987441178059706
735.0	0.00526519108866061	0.0052140887351944795	0.005004457517923797	0.00499674626799756	0.004949944759498878
736.0	0.0047003654863224794	0.004668373509093365	0.004536928669106443	0.00453092214552718	0.00448848373062884
737.0	0.005415197003868454	0.005410099581508799	0.005388465050722699	0.005383590003205545	0.005333165162790747
738.0	0.0051804368258078414	0.005182472154918159	0.005190023430735011	0.0051858047599258605	0.005137232454593142
739.0	0.005147572324138619	0.0051479783827224485	0.005148875810923945	0.0051445798295253805	0.005096393653249776
740.0	0.005160548699011944	0.005158965438129	0.005151730737398683	0.005147295772667615	0.0050990841577896896
741.0	0.005276860476384237	0.005257153937631134	0.005175833463757695	0.005170133921521821	0.005121708395469016
742.0	0.005015909377017165	0.005034211331244203	0.005108267510291783	0.00510523435528115	0.00505741670434073
743.0	0.005122340500756386	0.0051216886384940815	0.005118266154729422	0.005113923241930777	0.00506602420741989
744.0	0.004855595113039366	0.00484875263612679	0.00482006904073407	0.00481555149927735	0.00477044713291175
745.0	0.0048814392146757845	0.004877896152148097	0.004862693203407878	0.0048583664039776485	0.00481286101622555
746.0	0.00494957530953538	0.0049358083003591	0.004878810718162917	0.004873768411786591	0.004828118762711786
747.0	0.005123435925623956	0.005090912507927522	0.004957233072287361	0.004950837102030219	0.0049044655970085175
748.0	0.004897916794962646	0.004892738922177024	0.004870852180174923	0.004866406283696913	0.00482082559123993
749.0	0.004926896121188224	0.004894564326504017	0.0047616971385047255	0.00475547852982758	0.0047109368307199865
750.0	0.004893796977042696	0.0048679821532403925	0.004761754264028102	0.004755983059919701	0.0047114366351864775
751.0	0.004840102076271956	0.004815726419992333	0.0047153882561101835	0.004709754801342481	0.004665641368825227
752.0	0.004634661335489666	0.004595810037329711	0.004436341366103804	0.0044299483543697	0.004388455700066511
753.0	0.004695234914081182	0.004671625276042972	0.004574439222221947	0.004568976726441969	0.004526181877241485
754.0	0.00497869229187537	0.004943451693774455	0.004798688763745197	0.004792239373437916	0.00474735335767924
755.0	0.004849479994407927	0.004804681786260655	0.004620876710948619	0.004613920419940144	0.004570704610259593
756.0	0.00490467294172744	0.004861440470395024	0.004684026279164708	0.0046771244600146145	0.004633316656213446
757.0	0.0050506977965355145	0.0050000696261379915	0.004792408117481889	0.004784907497074029	0.004740090154570883
758.0	0.004800357301420836	0.004759879828535305	0.0045937405648894675	0.004587103721854832	0.004544139088012853
759.0	0.00482252009856948	0.004781896359438077	0.004615156034775319	0.004608491165133774	0.004565326208010502
760.0	0.004747226882699212	0.004709216107957166	0.004553165930939653	0.004546732523664998	0.004504146022487606
761.0	0.004807992824418315	0.00477550897876186	0.004642037972988934	0.004635909410494338	0.004592487643208554
762.0	0.004818353963348037	0.00478237355705813	0.004634610821647286	0.004628248423821537	0.004584898412375301
763.0	0.00490148872041809	0.004866511441951561	0.004722836110702494	0.004716468498444833	0.004672292182770651
764.0	0.004727585170874098	0.004701678325104066	0.004595098956491471	0.004589461385989235	0.00454647466933702
765.0	0.004689280005301981	0.004658563206309358	0.004532331570677307	0.00452641646080762	0.004484020247941084
766.0	0.0046126483553321	0.004586869301027063	0.0044808292236190065	0.004475296387292841	0.004433378985324109
767.0	0.004806207128950872	0.004776491298368757	0.004654333238529215	0.004648384401640674	0.004604845788638652
768.0	0.0046157366604265785	0.004589167038210058	0.004479895508513827	0.004474309176224024	0.004432401020865514
