Time in ps	0.525 ps (0.5 - 0.55 ps)	1.5 ps (1.3999 - 1.6 ps)	19.8 ps (19.1772 - 20.4 ps)	101 ps (94.9126 - 108 ps)	1.01e+03 ps (949.418 - 1.08e+03 ps)
320.0	0.026328611752132143	0.023577173543083765	0.02558798507431276	0.025324618694643697	0.02773150423355254
321.0	0.02292130663387413	0.027730874818184814	0.02881189915742399	0.033232617538091015	0.033465007110202484
322.0	0.01901868649635192	0.02384728084689841	0.038023124088496944	0.029880740449201935	0.027809457696128047
323.0	0.024698615235807575	0.023266533727989522	0.029302249535006975	0.029441444988145465	0.030297456027792227
324.0	0.02381442758915516	0.025532950425059084	0.03343027270931712	0.03203442805180398	0.03189667859975116
325.0	0.02176373485698782	0.0259748176518921	0.030680720078449453	0.031290081410937295	0.030798102375876713
326.0	0.024387994374392433	0.025895982640483237	0.03477836128583298	0.03254003642522961	0.030449403132477598
327.0	0.02602413661066268	0.02534339580021666	0.0343789180407677	0.035919561431869834	0.03899286577464475
328.0	0.023469383221593698	0.02563288951975733	0.031857982772385746	0.032332950951751	0.03155282391183984
329.0	0.0267036653726028	0.02806243661505666	0.03531472659147733	0.03507003846124731	0.03438553049044772
330.0	0.024946785722100007	0.025892846906196827	0.033316747903381454	0.03242423697301153	0.031112002355483583
331.0	0.02522624676435614	0.02730505455202381	0.03277656788027841	0.03496333457421486	0.03515216579929443
332.0	0.02477045210070091	0.027050903753874374	0.0325013453512814	0.033749853841334346	0.03240154187077091
333.0	0.026698630292188774	0.028225948868461387	0.035469309203195284	0.03546236784772553	0.03400310052615142
334.0	0.025750361098783408	0.028401632229460346	0.03395616112078367	0.034128666515378665	0.03299664931025072
335.0	0.023540143326688488	0.02857076699409824	0.03429954116978199	0.03589049107685119	0.03523525451977625
336.0	0.02465561700331675	0.026800995083384523	0.032387240036226964	0.03246991741631254	0.03253778703388589
337.0	0.02547751377212523	0.026918131822702716	0.03347014588343277	0.03380627315850686	0.033202131964762
338.0	0.02649025480034315	0.028210775298930978	0.03324477674586336	0.03448733532459894	0.033555934449316815
339.0	0.024815433585296878	0.0285894934345938	0.03493917045569448	0.034781132719500535	0.034937538350519756
340.0	0.02657653308527172	0.02793678761612039	0.03375676834080025	0.03372194461838808	0.033581250000086875
341.0	0.023931920658081918	0.026050733727252955	0.030913756579401187	0.03205719355333458	0.03159421403170402
342.0	0.026532726921731798	0.027566730238288067	0.03217813663882728	0.03294731579569848	0.03209112998143693
343.0	0.023329967804023063	0.02543166636333843	0.030926758183860998	0.031102507347679408	0.031612337720275746
344.0	0.022589746432465432	0.024573871107484824	0.029836434420141944	0.02979111159634266	0.029842698623017968
345.0	0.024015219659263815	0.025868088448333576	0.029601264165016298	0.030427212683053945	0.029164851320109722
346.0	0.023300194474253463	0.025424309500224458	0.02937258206574236	0.028841988816191842	0.029023613589838706
347.0	0.022592585929214364	0.02424513456091757	0.027658493119524005	0.027785587537897317	0.027860922910490533
348.0	0.022792066180586167	0.023258714977528017	0.026179891698728138	0.025307145477665105	0.025508627475876886
349.0	0.024237496252277838	0.024808140905999254	0.02670197305911254	0.027710856774320617	0.026619237451193635
350.0	0.024947359641665723	0.025897845542220136	0.027404923620252826	0.02736172811375804	0.026584262311143823
351.0	0.022727110120446734	0.023824405545697636	0.024625697840449445	0.0239825289811514	0.025135779285047892
352.0	0.023902961894707402	0.024155333934397994	0.023445340932166617	0.0242063573991088	0.025211621058260778
353.0	0.02306491171705058	0.024798498651290704	0.02348465484718699	0.025817847825342587	0.025647986545996447
354.0	0.020001765105412465	0.019182100369509448	0.018634267870185742	0.01863031940764987	0.014891176937073314
355.0	0.019439632960565733	0.02315711067529947	0.020288047939940556	0.01999939607756037	0.018672240367883806
356.0	0.022642593847574805	0.021615666387150588	0.021220264079713398	0.018913747715620086	0.020565013260405836
357.0	0.017451938023232822	0.02069786237874091	0.019241083891620957	0.0210731156513133	0.017358171688972888
358.0	0.020092533982510593	0.021413844411199336	0.018788800434973114	0.013667944532668709	0.013403476875075995
359.0	0.023268993369788313	0.02253538340990264	0.021044012617500274	0.019297868320040795	0.01803605067511732
360.0	0.023946939310180725	0.022309768451207822	0.02206964346564301	0.019228973640484103	0.02176312424847516
361.0	0.02360774437309599	0.02131144859185781	0.014352251323433709	0.018594169151901006	0.01566118600670824
362.0	0.016782329694369616	0.01735038645976681	0.012781674961059716	0.012040185690247437	0.01024708851924492
363.0	0.022097500593182516	0.02221691806195174	0.017983689645464377	0.015503297827237132	0.015469161622031775
364.0	0.02015789413002669	0.018085367891785793	0.014622733057022426	0.013417445291090305	0.013341126703361187
365.0	0.02466100413225512	0.023578020231247408	0.01671695613048013	0.017167176052087618	0.015208402807918204
366.0	0.022926037793049373	0.021955761623851128	0.01656374686731917	0.014791314109488213	0.012070970536105206
367.0	0.022099770952184242	0.020289408675983847	0.014223455388029486	0.012798413510415142	0.012632763184999913
368.0	0.01971229261723273	0.019671349564278427	0.015067120305285401	0.012396071096285904	0.012142453988295915
369.0	0.024997981866481184	0.022778624018324416	0.016308763310224246	0.015905402988338112	0.014896040590716194
370.0	0.022648144243410898	0.019886002943307148	0.014882799628456941	0.013660522267046993	0.011272877188545933
371.0	0.024202480016562146	0.021953289027035174	0.015090185555689509	0.014628023458062822	0.014512605455736113
372.0	0.022160012406658085	0.01970538679376003	0.014628671616736215	0.013038456017382702	0.013209155901704319
373.0	0.02321314505682104	0.020838763895880418	0.014669055505642051	0.014663667613042079	0.013881377239875922
374.0	0.022813524752717487	0.019504377519920863	0.014632141624606479	0.013913787374880582	0.012251147298293925
375.0	0.021419756432563882	0.01901412776873755	0.012659755917208767	0.011595427507333377	0.01178461660342231
376.0	0.01883585560426284	0.017491577460240465	0.011393608228636732	0.011002962869546194	0.010282470465320354
377.0	0.02125664687198089	0.019326583370087518	0.01217739374412404	0.013128111087273521	0.01213065671996976
378.0	0.0	0.0	0.0	0.0	0.0
379.0	0.0	0.0	0.0	0.0	0.0
380.0	0.0	0.0	0.0	0.0	0.0
381.0	0.0	0.0	0.0	0.0	0.0
382.0	0.0	0.0	0.0	0.0	0.0
383.0	0.0	0.0	0.0	0.0	0.0
384.0	0.0	0.0	0.0	0.0	0.0
385.0	0.0	0.0	0.0	0.0	0.0
386.0	0.0	0.0	0.0	0.0	0.0
387.0	0.0	0.0	0.0	0.0	0.0
388.0	0.0	0.0	0.0	0.0	0.0
389.0	0.0	0.0	0.0	0.0	0.0
390.0	0.0	0.0	0.0	0.0	0.0
391.0	0.0	0.0	0.0	0.0	0.0
392.0	0.0	0.0	0.0	0.0	0.0
393.0	0.0	0.0	0.0	0.0	0.0
394.0	0.0	0.0	0.0	0.0	0.0
395.0	0.0	0.0	0.0	0.0	0.0
396.0	0.0	0.0	0.0	0.0	0.0
397.0	0.0	0.0	0.0	0.0	0.0
398.0	0.0	0.0	0.0	0.0	0.0
399.0	0.0	0.0	0.0	0.0	0.0
400.0	0.0	0.0	0.0	0.0	0.0
401.0	0.0	0.0	0.0	0.0	0.0
402.0	0.0	0.0	0.0	0.0	0.0
403.0	0.0	0.0	0.0	0.0	0.0
404.0	0.0	0.0	0.0	0.0	0.0
405.0	0.0	0.0	0.0	0.0	0.0
406.0	0.0	0.0	0.0	0.0	0.0
407.0	-0.034593937095369245	-0.03471653979394908	-0.03570282270397947	-0.035475369227440476	-0.034668368592218994
408.0	-0.03651236038618888	-0.037615120184388895	-0.03801386007763853	-0.03807637916761684	-0.03795381316789597
409.0	-0.03776901527454118	-0.03862221147049363	-0.03929186774742276	-0.03835262984423565	-0.03838129579588215
410.0	-0.03879343500579185	-0.039722239530919815	-0.04091396989886056	-0.040083820735060186	-0.04010132283028396
411.0	-0.04080116348046866	-0.041443665842098756	-0.04142953693590408	-0.04138786193864962	-0.03981473138830005
412.0	-0.04160591390940892	-0.04239463963111764	-0.04178769049824175	-0.041659017227702745	-0.04103340250870913
413.0	-0.042423629506071994	-0.04310928411326351	-0.043133587805957406	-0.042202609466370465	-0.041984685676313124
414.0	-0.043861423838578585	-0.044309860052094086	-0.043977749512456595	-0.04371129552408159	-0.043467501973335335
415.0	-0.04339815353401298	-0.04412389337122432	-0.04482040967814484	-0.04424578443711554	-0.043313406436558406
416.0	-0.0447268106152281	-0.04607648670948121	-0.046277712509103876	-0.04546589301678315	-0.04549891044896444
417.0	-0.04554486048220685	-0.04582711507653857	-0.04673911191619952	-0.0455840095245416	-0.045198576774767144
418.0	-0.046105764722567465	-0.046538088719897064	-0.04753455958790602	-0.04587863620846772	-0.0459901230371655
419.0	-0.04768509651688512	-0.048015606434182595	-0.0478309326538905	-0.046954356568268366	-0.046495495034580094
420.0	-0.04840299860999	-0.049445340924034034	-0.048594782830007524	-0.04794405840991338	-0.04749433002325415
421.0	-0.04878828108002958	-0.0493028931443054	-0.0493168765695884	-0.04838458240590075	-0.0484007104457297
422.0	-0.04828837660476836	-0.049316110354658244	-0.04904185961726063	-0.04821933889743307	-0.048215883280809245
423.0	-0.04972606248006256	-0.050331910491305594	-0.05026173928416199	-0.04994396181923914	-0.04934507306599517
424.0	-0.049327962261997677	-0.05057014150968843	-0.050995080018797226	-0.050305843541335625	-0.049975304030423315
425.0	-0.04958886859402988	-0.05036789282074518	-0.050883669267324086	-0.05015052034714527	-0.04985290868354311
426.0	-0.04995796683167229	-0.051446325227709436	-0.052120598924408755	-0.051237347401527536	-0.051140720778780874
427.0	-0.05221614169664993	-0.052845588173261265	-0.05379176977228576	-0.05311317289838635	-0.05199830739821716
428.0	-0.051189364852342725	-0.05201118438572631	-0.05281484648139791	-0.052281301285393524	-0.051379489326100425
429.0	-0.05060643209857193	-0.05235872321384659	-0.05250639991126994	-0.05192546036591001	-0.05182595677631305
430.0	-0.05154285399083239	-0.05316868508481159	-0.05357518088931642	-0.05296204501019342	-0.05282145793515339
431.0	-0.051488704185667464	-0.05301748174802577	-0.05341813052366216	-0.05305919788115768	-0.052132700864549936
432.0	-0.050921878320115146	-0.052159950254706655	-0.052331037041425284	-0.05192384734041261	-0.0519483943386535
433.0	-0.051687149708340235	-0.05283481321412168	-0.053646096238830016	-0.05296066871483067	-0.05234341152308146
434.0	-0.05156516794147718	-0.052930859693310225	-0.05382153226501174	-0.05325887197022849	-0.052992580258186
435.0	-0.05132196476798459	-0.052687157473616554	-0.05406803574021303	-0.05360108458389083	-0.0527345781985298
436.0	-0.05048247670213899	-0.05190753771296716	-0.05357034413651551	-0.052735215783327	-0.05282693152424169
437.0	-0.050980561454523496	-0.052436584349317805	-0.05375210953740503	-0.05275093856222898	-0.052954561696030404
438.0	-0.0499337890676796	-0.05232796601745726	-0.053623503695131185	-0.05275565064437814	-0.053069868002227925
439.0	-0.0498571373186036	-0.05175896293529912	-0.05352624183779379	-0.05238161344761051	-0.05210922830425342
440.0	-0.049531054946832846	-0.051705251241201886	-0.05336964861358687	-0.05260885265932437	-0.05245161250507223
441.0	-0.04980808313410022	-0.05170404521185978	-0.05364411703794748	-0.05252648174798298	-0.052504361329654546
442.0	-0.048206985060174644	-0.05086928868590639	-0.052611305465552254	-0.05148648326242944	-0.05119503932770958
443.0	-0.04832735315080881	-0.05063774375310501	-0.05215572139762733	-0.05128598071620481	-0.05127563522060844
444.0	-0.048648361875160785	-0.051108369078587124	-0.052521446855034126	-0.051809667821174535	-0.051269803983999634
445.0	-0.04797504719966257	-0.04983625149738197	-0.052036614141401094	-0.050738477888672556	-0.050573351961077886
446.0	-0.04756797177807865	-0.04968655015721633	-0.0516498806844317	-0.05079993214920227	-0.050971492646790725
447.0	-0.04727434395078998	-0.04909816708482194	-0.051398677885105215	-0.05030067353366899	-0.050133323382301836
448.0	-0.047134496774434625	-0.048701509910603985	-0.051350593399074135	-0.0504847673866832	-0.05005775204713019
449.0	-0.04609739408028032	-0.04755325972719979	-0.0502370926022723	-0.0488905040649132	-0.048612556620973225
450.0	-0.0466744322985915	-0.04762114111931494	-0.05022895804221984	-0.04936812577157497	-0.04912254988580485
451.0	-0.045019932249196926	-0.0467296643635758	-0.049369974950507725	-0.04824074932664413	-0.04769199053505527
452.0	-0.04406820493928785	-0.04605153953682511	-0.04807396103454676	-0.04751101179627813	-0.04691424671838538
453.0	-0.04235516724721786	-0.04461815420456004	-0.04706558049159484	-0.04585090291521429	-0.04530357983811074
454.0	-0.04350688364357585	-0.04474282872441012	-0.047401915558735255	-0.04644463426907584	-0.046286769354515145
455.0	-0.04101391281221503	-0.043338247412501335	-0.046234953870614416	-0.04528410788040108	-0.04449179352485308
456.0	-0.0411704720164952	-0.04279101125862345	-0.04564902563985059	-0.04482930315160437	-0.04426169820888659
457.0	-0.03876952804073627	-0.04129069623259757	-0.04376522377619794	-0.04269246186287235	-0.04247743196892895
458.0	-0.038809848565929624	-0.04103600861202118	-0.04428447097618274	-0.0432199703862087	-0.04284714223051944
459.0	-0.037672290753491676	-0.039929226003000376	-0.042947232865867456	-0.04195798850933634	-0.041526674372068015
460.0	-0.038246933513014406	-0.039909389656302294	-0.04221942240818503	-0.04139245723936381	-0.04088757547487376
461.0	-0.03583115833750153	-0.0383991530492576	-0.04096184771488226	-0.03994786152250878	-0.039754751371426464
462.0	-0.036105007972734325	-0.03807145309122134	-0.04096635245147712	-0.04009206514087452	-0.03963457994949948
463.0	-0.03450853216762976	-0.036742164092525814	-0.039494724618467814	-0.03837678556613293	-0.038165440777521695
464.0	-0.03405055123136142	-0.03687634248147288	-0.039050946221029115	-0.038547596328774816	-0.0381509222372102
465.0	-0.033357894321557044	-0.03512876114352015	-0.03763246106425427	-0.03664084802662196	-0.03666633387034378
466.0	-0.03262472279501555	-0.03472107554957615	-0.03754684299447078	-0.036361542567722366	-0.0364695032101996
467.0	-0.03234427515970387	-0.03407072140145829	-0.03685732383542873	-0.03547831790461523	-0.03534929311324937
468.0	-0.03090615363449051	-0.03342896735231343	-0.03613791645735398	-0.03519403698742507	-0.03459294866810543
469.0	-0.02977603393581349	-0.031777532237922915	-0.03435165474722828	-0.032972095395331524	-0.03313194569689504
470.0	-0.0302409825062873	-0.03159135075786784	-0.0340196834078069	-0.03289452745760648	-0.03284333396495486
471.0	-0.02823289514061877	-0.03004432802113864	-0.031809419020290115	-0.030956791950653963	-0.030835103997283897
472.0	-0.027475040333219743	-0.02920848712239306	-0.03066359569972703	-0.03008290285467473	-0.02999378523509804
473.0	-0.026415161140106	-0.02800311355776555	-0.029911489356750694	-0.028844022154866023	-0.029015707883056116
474.0	-0.025283967077857496	-0.027451653055206422	-0.028846523705282904	-0.02872986697071577	-0.02836743978722918
475.0	-0.024274984972696666	-0.025906022604628636	-0.02802528344560808	-0.02689724696867907	-0.026909974172654914
476.0	-0.023694104677438012	-0.02539516391551485	-0.02762698617692151	-0.026367483586371393	-0.02595910786982317
477.0	-0.02212685515080401	-0.02428779522084309	-0.026362277434893406	-0.025444906399180015	-0.025119733367697857
478.0	-0.021683156207769255	-0.02310646864043183	-0.02478525967363591	-0.023891168248629843	-0.023485753052611517
479.0	-0.019960352341579776	-0.021892159625496715	-0.023174573192677128	-0.02240235687792741	-0.022240375941684085
480.0	-0.01947709268037039	-0.02143651576034869	-0.021510425210006137	-0.02165184237377467	-0.021445697632038026
481.0	-0.01836097758308003	-0.020043887524863684	-0.02121592362817566	-0.020553768359220913	-0.020141921660055746
482.0	-0.01722069596391408	-0.019024474785808786	-0.01991044159653658	-0.019483490847450623	-0.019651106204024
483.0	-0.01659676286753759	-0.017864635085311574	-0.019554853689350362	-0.018524644447027762	-0.01845633421933894
484.0	-0.015797081722386558	-0.0173699174153873	-0.018581456738860358	-0.017855071314332775	-0.017519337801562937
485.0	-0.015010175338457379	-0.016226822302976885	-0.017506997300987714	-0.016505739855978103	-0.01644897153907037
486.0	-0.014104932595809565	-0.01577658174496018	-0.016662418258756	-0.015793599935846177	-0.015601517100919188
487.0	-0.01250843992515337	-0.013920637665242892	-0.015065566718811334	-0.014521773972281854	-0.014332597051021091
488.0	-0.011566706047601256	-0.012893885423190157	-0.013856889462806452	-0.013471163840172745	-0.013225423386812886
489.0	-0.010823536377958663	-0.012255713303440623	-0.01335328937371185	-0.01252787875357153	-0.01250332041849407
490.0	-0.010006233335827267	-0.011342073089275685	-0.012450870864490472	-0.011765008629852036	-0.011721006471830029
491.0	-0.009061860174126843	-0.010464996874805729	-0.011211695622820228	-0.010731914992806728	-0.010673381494332342
492.0	-0.008655248972452824	-0.00971323912749798	-0.009881355313231631	-0.010078728305479038	-0.010045686313101317
493.0	-0.008323718269290292	-0.009187830410404135	-0.010027903796552334	-0.009520873656037706	-0.009393479078324354
494.0	-0.0074417635712613495	-0.00803963407902494	-0.008938652796224803	-0.008437632319199667	-0.008829317043459867
495.0	-0.006694862733661367	-0.0074507815596513505	-0.007809920400576593	-0.007294239729315198	-0.007158835899588373
496.0	-0.006393268003447434	-0.007217320389040098	-0.00714270845422539	-0.007294503031613803	-0.007072408867085604
497.0	-0.005608937226814252	-0.006345108759589754	-0.007081290263317485	-0.0061830959505617235	-0.00617690686712477
498.0	-0.004923556611979879	-0.0054941198109895294	-0.006222067141250996	-0.00583041633810019	-0.006043528445704522
499.0	-0.004075961616691781	-0.004743715941913485	-0.00546891267397512	-0.004903825371342785	-0.005152868088576944
500.0	-0.0035890117772616617	-0.004202618073498701	-0.005187375587121925	-0.004561104128886889	-0.0045085553773629656
501.0	-0.0027644118369933085	-0.003631774525681166	-0.004237686290788716	-0.0035979471450998932	-0.0035045003361426847
502.0	-0.0021161150220668948	-0.0030748689393192445	-0.0037348721278136687	-0.0030515082126603052	-0.003266656877086168
503.0	-0.002050691747261955	-0.002903396830830177	-0.003244709251758555	-0.0030718714752037413	-0.0030930777744709436
504.0	-0.001443997202206125	-0.0021475437264001146	-0.0026122634829956522	-0.002142998980695953	-0.002090002719681258
505.0	-0.0007325215915672428	-0.0017874292131815157	-0.002244355390699748	-0.00183500765553934	-0.0015068460710684873
506.0	-0.0009096714349507507	-0.0014567837013319926	-0.0015501480293212385	-0.0012503510504744762	-0.0013368055405861283
507.0	-0.0001030826538071536	-0.0007432097570035147	-0.0009884743145047834	-0.0003578422574136079	-0.00029906967436832453
508.0	0.0003176819788888517	-0.0002944648748557527	-0.0003343240941189305	-7.529871990231111e-05	-0.00019929086246107293
509.0	0.0007655083057873519	5.093941493175197e-05	0.00010678743896214209	0.0005594331191912493	0.0005314787176092847
510.0	0.0005173147623504563	0.0006171804442844309	0.000815578981304538	0.0007515831681462069	0.0006677201683722876
511.0	0.001315397389134754	0.0007100946455448559	0.0009459118377098201	0.0015098793131401742	0.0013713191349878672
512.0	0.0016749497149972383	0.001310880524248922	0.0015184133366241124	0.0017474066639177087	0.0018435841487313238
513.0	0.002098298779984893	0.0014937264036707996	0.001446004222040289	0.0018058648079305362	0.001999938304059
514.0	0.0023463705146804436	0.001946355245392758	0.002010196506844018	0.002498901450948989	0.00214068892522152
515.0	0.003179025081946107	0.0023021638688051297	0.0026758976079136465	0.0032595733732011948	0.002967122977267603
516.0	0.0033033049380813257	0.0028861520168526993	0.003233096445110475	0.0035866015843629287	0.0033936509735188157
517.0	0.004095909645576055	0.0034321878378273723	0.003652532328137599	0.003992456227593486	0.003940273611567424
518.0	0.0039029164820926585	0.003314858673073938	0.003641179587461125	0.003997617080167613	0.0037421327399688327
519.0	0.004178085361248275	0.003607313951870599	0.0038521867246849085	0.004395013264952135	0.004383349527396301
520.0	0.004479102492659059	0.004278214098366154	0.003913532028673774	0.004532048780347488	0.0045270809087269576
521.0	0.005106483277945775	0.004412441230777345	0.004833409504027919	0.005099848070388735	0.004977659140585877
522.0	0.005159692660752565	0.0044621345579506245	0.004837025404822926	0.005112133267320887	0.005353610681806096
523.0	0.005308008547766908	0.004520371178115051	0.004807515647051576	0.005709846497420509	0.005198986627850668
524.0	0.005418981259818502	0.004862679855724092	0.00562736616977684	0.005754073258311053	0.0054890628239567685
525.0	0.006097170443321087	0.005403592873737081	0.005947361646688106	0.0064310082331793805	0.006158206118574913
526.0	0.005556439253426729	0.005426125400802421	0.005900323870008262	0.006195053647812136	0.006149222847898841
527.0	0.006239892517807537	0.005808038353874269	0.006403662950875168	0.006860679939957551	0.0066923854560929875
528.0	0.006425793886753722	0.0057221711143334575	0.006969914239393291	0.0069455602990416	0.006546877079711424
529.0	0.006999970464145364	0.0063719094070650625	0.006997130513287251	0.007392189977962853	0.007306700055097707
530.0	0.0068425276678614755	0.006540299101187742	0.007354368277021846	0.00772851350467052	0.007458207061291051
531.0	0.0070719198615264885	0.0067249905803858385	0.007631717182010979	0.00780422799652729	0.007760534348555483
532.0	0.006772185084412469	0.0065989981600913005	0.0073497943170639755	0.007622988169985627	0.00774640806801145
533.0	0.00705323021805064	0.0072225319804247404	0.007807810148777654	0.00838366917243796	0.008132801627219835
534.0	0.007300628796461852	0.0070909827229093635	0.008544364298463022	0.008439231991015482	0.008388969708104821
535.0	0.007395645946615958	0.007521549056291809	0.008257724129295464	0.00887941112438901	0.008349652022432708
536.0	0.007334696033120575	0.007324934510187479	0.00863944467852304	0.00896125810068875	0.008552075965408013
537.0	0.008086297519129364	0.007850472976740894	0.009127032147681801	0.009406630228533594	0.0093647531995633
538.0	0.007834510766036898	0.007993882448881119	0.009147559944974525	0.009531928443661991	0.009176934415675235
539.0	0.00798676812555733	0.008105117938139395	0.009176792592864531	0.009573830616705446	0.00946098225525506
540.0	0.008147935599221525	0.008149788915993992	0.009277961567112077	0.009599529214544602	0.009471520037384447
541.0	0.007971566854944202	0.008347612562972447	0.009399758317580912	0.009825004154920366	0.009758625792062105
542.0	0.008434297339262696	0.008751038007242917	0.010005572147372715	0.01034034588731058	0.010001733615992844
543.0	0.008300570996887016	0.008655534684886314	0.010001859915737547	0.010494871674716182	0.01000313432370971
544.0	0.008563864499412691	0.008631992763687178	0.010682668432275872	0.01061832451879233	0.010317864795639342
545.0	0.008775377957121007	0.00896951041570962	0.010537065327762642	0.010762219953623513	0.01075669370865072
546.0	0.00847228456053318	0.009032259649279659	0.010941254470763167	0.010922266391056588	0.010511448781808087
547.0	0.008685616544223425	0.0092178470902775	0.010537642118258417	0.011021285482686622	0.010842594839648306
548.0	0.008276369987807437	0.00903311740645701	0.010355452858070236	0.010706398363721437	0.010684760292235796
549.0	0.008583244542029989	0.009230154539303505	0.010642980703707535	0.011241470582615815	0.01096238717024517
550.0	0.008610265386377363	0.00921767996429762	0.010761930600635222	0.011148043696717923	0.011052856650268993
551.0	0.00877359222226069	0.009380026612441316	0.011235860263974218	0.01172135182348856	0.011193659461329605
552.0	0.008926822836244647	0.009337360275787538	0.011820678023394857	0.011682113372613233	0.011425258458735762
553.0	0.00903329001639875	0.009766577229881121	0.011501855970755146	0.01177259056878013	0.011690604966365608
554.0	0.008776174879376472	0.009580623371473845	0.011592031009271348	0.011859918391566384	0.011433673977801446
555.0	0.008978298525937761	0.009924651415250223	0.011560079550854472	0.011993030218421179	0.011513297038675681
556.0	0.00940916754654552	0.009618261872052898	0.012194323444954674	0.012388646067340161	0.012061160405315876
557.0	0.009424972946697292	0.010067982378215462	0.01208365050913565	0.01231210967730555	0.012164797936726153
558.0	0.00937507933885076	0.010307979147287042	0.01229258563254314	0.012663847375155659	0.01226705959427063
559.0	0.00961623788405011	0.010258077284041697	0.012515314354224425	0.01290104766786904	0.012537916179349996
560.0	0.008971922271763784	0.00985466150127325	0.012119235131651517	0.012590088113054468	0.01227419908375324
561.0	0.009375942865003203	0.010443867022430595	0.012534595120264546	0.012902117347130888	0.012583199409239057
562.0	0.009046643868183834	0.010677386390148124	0.012677087665504058	0.012984314415367541	0.01271847154641089
563.0	0.009231048173421014	0.01065073354990876	0.012831880155663581	0.013396186850159014	0.013146831092518477
564.0	0.009701928769218172	0.010912024029340227	0.013348768947040197	0.013453835149530777	0.013113804008457597
565.0	0.00988657141430864	0.011128994736159751	0.013483983513304763	0.014078359479703442	0.013978105760892954
566.0	0.009510887151295678	0.010891724170573654	0.013239145750230054	0.013654282960114127	0.013385150431282817
567.0	0.00987757499555534	0.011016112862067749	0.013586027895024506	0.014035385393093569	0.013624957717057462
568.0	0.009510697024918364	0.010690916636852663	0.013342458374679894	0.01366886505627531	0.013607524255970675
569.0	0.009562692573861541	0.011036759923784684	0.013755223366536786	0.014038131063773274	0.013890665549017835
570.0	0.009847340068488107	0.011468715312406796	0.013991214934391542	0.014331662736783497	0.013939665493489024
571.0	0.010029796797805721	0.011458459691684915	0.014198821769725164	0.014539178555957013	0.014040435861401586
572.0	0.009786053598467013	0.010795428042823265	0.013888066660280186	0.014105445462000637	0.013929149396083893
573.0	0.009319625292187113	0.01118206160008935	0.013722286425381999	0.013924892426758633	0.013875098285521723
574.0	0.009571476468175074	0.011004191579764075	0.01373775368407323	0.013936849417295873	0.013237093715611572
575.0	0.00941665189752936	0.010946920130935794	0.013524653649816313	0.013858968493619797	0.013582424143191451
576.0	0.009011996245241289	0.010488897003505675	0.013447207922552402	0.013979730955518122	0.013527350935201191
577.0	0.009454363089821777	0.010958399066066802	0.01341838162913625	0.014008142538396422	0.013734123628797966
578.0	0.009967362902792263	0.01165211999356105	0.014147925375391947	0.014627896180369807	0.01392372299285129
579.0	0.010209545944581422	0.011433137301699989	0.014161317538839653	0.014613336494025003	0.014199810254156012
580.0	0.00983434314433919	0.010618695211067192	0.013817649029729127	0.014423812514114807	0.01415777187470128
581.0	0.009989451642937233	0.011518462639956088	0.014336522761734348	0.014938638490658265	0.014660073035722723
582.0	0.009870755709460386	0.011530583840350335	0.013951432864420408	0.014549195091105593	0.013705814804498617
583.0	0.009926814169633024	0.011643528646593794	0.014141377321906054	0.014649092913412484	0.014060054979203148
584.0	0.009724641181341984	0.011335092582846196	0.014402413709564585	0.014862122634176089	0.01431847131720846
585.0	0.009655253425549001	0.011182505809952276	0.013481548926555084	0.013987218863246371	0.013950627368480285
586.0	0.009779055580088942	0.011646309113388317	0.013912438019002694	0.01430925981173917	0.014023975852573131
587.0	0.009875040164910425	0.011298052925413755	0.013453254071260305	0.014268111587122285	0.013653025221087658
588.0	0.009183911791694118	0.011135123302510153	0.013798936422581086	0.013920291057556343	0.013355639446083202
589.0	0.009304427596004321	0.010716876633593879	0.01301985391206399	0.01359572683194099	0.01317142708354083
590.0	0.009872809469707004	0.011105276771332285	0.01311539021075288	0.013842889395733634	0.013209697187291834
591.0	0.009608554149088037	0.011173336568925926	0.013577756066660453	0.014145290385512842	0.013785410727099524
592.0	0.009182621458631274	0.010462205885870877	0.013280923431562026	0.013637412227351688	0.012891410617992524
593.0	0.009482597420573684	0.011121131712496847	0.013489168625285871	0.013610158405259507	0.013591237823673798
594.0	0.009342527712603835	0.01119435034769298	0.013302998909264356	0.01421173373182488	0.013320724814948948
595.0	0.009112240086161122	0.010340249167462153	0.013017812707631887	0.013570296190866693	0.012991692414963365
596.0	0.00924173741271317	0.010875461628656154	0.012810862986636	0.013039976613588071	0.012638400187255549
597.0	0.009241257567469892	0.010774073531773322	0.013274088805093951	0.013846131723771478	0.013153234430728192
598.0	0.009063857972196486	0.011017895583156696	0.013181003375623201	0.013654360854452118	0.013148640056427676
599.0	0.009121279623793823	0.01077004609864175	0.013812207933939138	0.014023007360137344	0.012911984869958062
600.0	0.008665784195098903	0.010477193474027348	0.01244921445944099	0.013322367244770445	0.012146756493872448
601.0	0.009615353486915704	0.010529057634818227	0.012940899886766251	0.014240390671065268	0.01336106546476101
602.0	0.009302628983199189	0.011160749735082904	0.012584406853934084	0.013070073115599642	0.012269534843284543
603.0	0.009185264291255818	0.01066517415179478	0.012640238935831908	0.013018808076223461	0.01234226554118056
604.0	0.008725520489364423	0.010336362074701809	0.013000697821038184	0.013204806944176814	0.012261547646303902
605.0	0.008552850747392475	0.010409277299091125	0.0126325850145824	0.012723999040753747	0.012133312811259251
606.0	0.009266842611277736	0.010676625754410543	0.011982865437300401	0.013396416387475036	0.012288660997333088
607.0	0.00830692513410247	0.010281041419702475	0.012093888295410136	0.013021374387839763	0.012486675468548746
608.0	0.0091563630837459	0.010922956857114606	0.012035430499978371	0.01250997111124802	0.011715923323776415
609.0	0.008451563551554303	0.010200386082540636	0.012334806292868247	0.01263963344541355	0.011647165840119692
610.0	0.009171734938904727	0.010074273790160328	0.011894165290142401	0.01257092695088911	0.011387225408892934
611.0	0.008177182518668287	0.009651001590451153	0.011519883961612356	0.01239587333165547	0.011243586569574157
612.0	0.008652324437736099	0.009783143859791274	0.011829765011124104	0.012109546318500065	0.011619185412629036
613.0	0.008999180239622328	0.009925098972576419	0.011479318629876552	0.01231949465869412	0.01118991878163623
614.0	0.009285996867345752	0.00957324976738972	0.010891596037853297	0.012098398960226523	0.011288434262147273
615.0	0.009273722001019082	0.010145921988977496	0.01196560949227934	0.012534265050287638	0.012209220196745824
616.0	0.009714245243059758	0.010129414061667744	0.010767027759419486	0.011506667267822717	0.011033304783295445
617.0	0.008452187625340583	0.009136188802953887	0.01035240038285707	0.011432009013175166	0.01080704762770529
618.0	0.010217665836742955	0.009851725520127988	0.011187690896050451	0.011636263072664795	0.011091473144986192
619.0	0.008982002850145618	0.009264824526888402	0.009720951593371501	0.011255684641527156	0.01041109614985586
620.0	0.008820493729860077	0.00949612341940962	0.010741376039663027	0.011440124666212134	0.010496800463526013
621.0	0.008503040526301735	0.008610278643757685	0.010529717280716284	0.011212612756846272	0.010738040232485209
622.0	0.009307901299490466	0.008967408976212687	0.01075466987691461	0.011306866979745617	0.009642779508191396
623.0	0.009158906649871741	0.009025099059193853	0.01054097588385701	0.011533790565662203	0.010523279724517252
624.0	0.009312689255478243	0.00954757805695752	0.011466965893652845	0.01161608768602046	0.010354122745383717
625.0	0.008727903865378755	0.008781173888349796	0.010573207254828203	0.010550873780706776	0.009786475253966231
626.0	0.009291556636463388	0.009793541738098214	0.010707638962179411	0.011691355641690089	0.010282828126934172
627.0	0.009080977485678314	0.009037841093807855	0.010661598784091817	0.011417445592049592	0.010923475521269474
628.0	0.008733600006240365	0.009070895238430913	0.009752032988366827	0.010646851230347058	0.009225311325362799
629.0	0.00817193913836712	0.008559831613760418	0.009728954884316614	0.010962548418939141	0.009871254743593072
630.0	0.009513332699040016	0.008433614133076467	0.01028195699276098	0.010973350505722585	0.009911321697998104
631.0	0.008811541223072627	0.008221187576083939	0.008781171364254313	0.010612201446872499	0.009630613208473348
632.0	0.008987467554464654	0.009106275506719264	0.010856823324124755	0.010421605358291657	0.009901652094265042
633.0	0.0073762517986062405	0.008403416698059154	0.00908655015503007	0.009883165087571102	0.008678565961473664
634.0	0.007680549753683226	0.007914520988669408	0.009376475543212824	0.00940217592326029	0.008872331155275661
635.0	0.008902794733170134	0.008820305375422288	0.009446276555322387	0.010631567621808476	0.009503561991156671
636.0	0.007897960234848124	0.008132476602133096	0.010229701907578088	0.01025094765924066	0.008423533985571687
637.0	0.007940709405056976	0.007866262697999768	0.009301155267043958	0.010207544163111239	0.009195282496005847
638.0	0.008898018945394024	0.00871546307687911	0.009608292217278118	0.010636726403116813	0.009192358289434639
639.0	0.007968560391487642	0.007455313070197339	0.008290993951370236	0.01009821318822352	0.009125962944078914
640.0	0.007523464723580137	0.006999175725994147	0.007664799151309758	0.008372823069061168	0.007822171822152271
641.0	0.007708257641184806	0.007963015687808807	0.008497215240539775	0.009442652809713323	0.009482645589345425
642.0	0.008023943880524156	0.007588573795255194	0.008257436113759115	0.009417907869147157	0.008414605577254475
643.0	0.008539786639409208	0.008054058657748425	0.009160695407799513	0.010452910610919228	0.009422575142012765
644.0	0.008238647399940716	0.00837842221605979	0.009722453602143367	0.010021240762307145	0.00891074246792462
645.0	0.007166800215631676	0.007662235357734673	0.008534005005674533	0.009824601751517349	0.008683677786165252
646.0	0.008844495285479998	0.008243046852605455	0.008202682086838596	0.010037957904313572	0.008274910955677773
647.0	0.008450870470493154	0.00787428987631385	0.009342519204607306	0.009482382631151458	0.008889582453382085
648.0	0.007389095069533125	0.0075075851403744835	0.008229844165055554	0.008935653272716832	0.007739954828924629
649.0	0.008511150525334308	0.00849274225232205	0.00854912871555133	0.009619268156429692	0.009046531476145057
650.0	0.008429245699702203	0.008039887714968323	0.007948181846164548	0.009503769926106263	0.008696796590320466
651.0	0.007649459087960101	0.0076764742013822745	0.00863138978703892	0.009659219723590975	0.009137664707737834
652.0	0.00815873200018806	0.0072330608184846224	0.007774621236184963	0.009740578006233873	0.008280298253281096
653.0	0.006470322732128751	0.006546686043218772	0.007708344707532127	0.008486474091251025	0.007677028107531395
654.0	0.007906564324075022	0.007529381877012426	0.0077295925770175635	0.008691007563490838	0.008090437444485793
655.0	0.007182778614914857	0.0066422466942680156	0.007221125586290584	0.008017851370660516	0.007431802849059451
656.0	0.006919344229843326	0.006709832277180096	0.006911064789958703	0.008216388172299732	0.006157187183898639
657.0	0.007410231237381229	0.007499627325841167	0.008000399995457258	0.008544949777362447	0.007832904316988366
658.0	0.007152093393994753	0.007280241107463849	0.007591583699909537	0.008908228496794537	0.008173710768130952
659.0	0.00811050761901745	0.007410982092430939	0.00796091340728841	0.008982154391565182	0.007125761324145476
660.0	0.007390794866476739	0.006238853095374967	0.007776117504818286	0.008293269111122742	0.0069793982135914825
661.0	0.006989404434766126	0.007206286603084491	0.007687547188128462	0.008101472824835594	0.00704420495216347
662.0	0.007425810553187284	0.006426620489149707	0.007831319691862708	0.008879417045064123	0.006793968874750573
663.0	0.008260636110383017	0.007504439214130906	0.00814108269933085	0.009064690413906566	0.007747347030723808
664.0	0.006867099653541947	0.006443034879597848	0.007577821423268323	0.008133097955819624	0.007236988719901147
665.0	0.0069013581344534725	0.0065506848325789235	0.007434252317283837	0.0077447041659916855	0.00710226821204017
666.0	0.007990080886428602	0.007656259735969995	0.007986987681816066	0.009176692376975076	0.007935549692396055
667.0	0.006314945209137578	0.005655177723509412	0.00679752009361095	0.0070363406858928446	0.006244888774591215
668.0	0.005794381640585182	0.005175438217785438	0.006199896552171631	0.00651694012470628	0.005855699479492547
669.0	0.007112316023580626	0.006975573728717198	0.007845141488492484	0.008082049761398407	0.007540110378239422
670.0	0.0068933277972408205	0.005436765939281773	0.006417336451406012	0.007524179658824283	0.00622479572280434
671.0	0.00738551579562987	0.006638483898135726	0.007586119260963156	0.0081124432113279	0.006656387362120316
672.0	0.006750208283147052	0.005890658014916601	0.007165453330613108	0.007565151936250901	0.006810004487402406
673.0	0.006480662404492546	0.005658093571848913	0.0063871379020826735	0.007281394285573035	0.006595414386828938
674.0	0.006589463895974884	0.00546820033982853	0.006376457868356972	0.007716021362756346	0.006075832715540989
675.0	0.006939228692060725	0.005866223218146989	0.0067732924017834045	0.00752205749565032	0.005882193107509143
676.0	0.0068386728053895065	0.0055254113635861395	0.006825375177518146	0.007183461041815642	0.006483309091237471
677.0	0.006636808194974846	0.00582497866088708	0.006574111535948796	0.007103825198260926	0.006284517159286322
678.0	0.006936424581905657	0.005591537860893971	0.006689354019583966	0.007350427445337077	0.006666231124465353
679.0	0.006414397511193033	0.005590100729312987	0.0060459801647639545	0.006357898386524472	0.0055885993957956875
680.0	0.006599855315680369	0.005204433932421465	0.006078646751262158	0.006614836554069989	0.005407179204108187
681.0	0.0063572946395947915	0.005799106103372175	0.005965909601941069	0.006552577819036554	0.005967915074914564
682.0	0.006579916874146654	0.006071769987197187	0.006490906842772491	0.006942223592248216	0.006267680863605844
683.0	0.006481702461101355	0.005792748446468319	0.0065934409526039	0.006538975091997712	0.006608846817909797
684.0	0.006413841092004403	0.005559055480255912	0.0065090653034810195	0.00690697057095887	0.00597446995528812
685.0	0.0067096892868606164	0.006075698626378058	0.006666844067233153	0.007601783983074236	0.006443294397599889
686.0	0.007248142132030732	0.005943803790866428	0.006514215479041705	0.007436694643034484	0.00649886197755335
687.0	0.0068804114334721205	0.005867937862370425	0.006537403220668945	0.006950474992795334	0.0068240847223824345
688.0	0.006214102328130352	0.005016020500815862	0.005859637757704301	0.006768300385596041	0.005627608625809826
689.0	0.0062612387014549355	0.006148848095113885	0.006308173315197666	0.006889256388907246	0.006390937484506696
690.0	0.006481344676353558	0.005663777171545481	0.006191787633792852	0.006723100897937964	0.005708740516877822
691.0	0.007020967918481611	0.00554507254549142	0.006615390404595324	0.007020981723211685	0.006478855923827669
692.0	0.005779697781474657	0.004782797727446177	0.006258430192306503	0.006565460358839324	0.005730368593398058
693.0	0.005075574470346645	0.005166430682793233	0.0057022836939396105	0.006049105176643444	0.0053475581808760855
694.0	0.0065647770555668184	0.005759482469569959	0.00595254496356451	0.006803885903557496	0.006047438694451674
695.0	0.006239787138178527	0.00575432518378562	0.005944285162220716	0.0063863037213065165	0.0064227080090626795
696.0	0.005659368559657416	0.004338565745392473	0.005323507673211807	0.0056781084451348164	0.00509591665136569
697.0	0.006074031422560207	0.0058978868758786385	0.005845202338212718	0.006288082559567297	0.00576457728796495
698.0	0.006506828837969568	0.00535240348838227	0.005303777325536377	0.006051905622876065	0.0055098666421634825
699.0	0.006257740911613982	0.005187218643767271	0.005793716730325818	0.005912965843588608	0.005432931428249344
700.0	0.006543346680843984	0.004876993081781276	0.005708629914563398	0.006574623765883971	0.005776556820300446
701.0	0.006231983312594443	0.0053045798583811555	0.005698596867160465	0.006164966820976215	0.005562456134507547
702.0	0.006146412877084876	0.004840706019873436	0.005421758999415585	0.006292225895765798	0.005389372640970724
703.0	0.006155986634819515	0.005123598071800166	0.0056263234126718254	0.006354183048584096	0.005726936330646554
704.0	0.006072624866127598	0.004722865625742539	0.005277835359215378	0.006182819341627835	0.005040988174871462
705.0	0.006455487390648573	0.005859458216959912	0.006076719907078833	0.006360439139853733	0.005740641702445483
706.0	0.006462832368502541	0.005133548385882163	0.0054310406535711345	0.006166242101144233	0.005383125476699037
707.0	0.0062997025953646655	0.00540035790208399	0.0055451728666405685	0.006251591741939537	0.0055149653873445646
708.0	0.005631451526014875	0.005076919556712946	0.0052665900892951666	0.005776237443057391	0.004923620530267291
709.0	0.00618850714383402	0.005202120895564032	0.005564348834888816	0.005845447511101611	0.005647544928758569
710.0	0.00628750381620368	0.005516959496808306	0.005777316221222448	0.006288040067921218	0.005471442475887316
711.0	0.005727601281145563	0.005416332334554309	0.005443813951042396	0.006008078968755211	0.005104804391010392
712.0	0.005298112688972857	0.004815546563192642	0.00541638660017793	0.005957835525150935	0.004886646765566976
713.0	0.005451478349505714	0.004962374368355307	0.005166744685421578	0.005658709642342195	0.005287693430230592
714.0	0.0059887292794507324	0.004846330880836308	0.005304894587258516	0.005624287431102272	0.005155177223056563
715.0	0.005882290264744625	0.005378668646964175	0.005395089600760803	0.005680879816323271	0.0054650914155681424
716.0	0.0054491508978873	0.00509497129989114	0.005050250378771864	0.00572849146477279	0.005212177866083372
717.0	0.0058521674885350875	0.0058002090042115935	0.005833487294265132	0.006034057192838072	0.0055220497412783835
718.0	0.005753205272515909	0.005267001423022182	0.005355171633340829	0.005772298291835133	0.005459498002304213
719.0	0.006079042754137881	0.0058988472833988986	0.005693893330681075	0.00594156013860225	0.005638379484025281
720.0	0.005874109485272029	0.004761780445069494	0.005623471084342704	0.006018349173293032	0.004924669162486688
721.0	0.005913806059953111	0.005154868750066644	0.005299701838705666	0.0059181086884092906	0.005221710265937181
722.0	0.006339710429743798	0.005538705336103478	0.005281122713635243	0.006003417434936877	0.005284469942100981
723.0	0.006542337029354378	0.0057957873572461426	0.005415315823373116	0.006360277388301626	0.0054654997664315
724.0	0.005701871528809256	0.005007188352010847	0.00448729838338248	0.0054205529300301045	0.004426254354602287
725.0	0.006003338032926921	0.005257851617458132	0.005031080481279874	0.005122900918304078	0.0050757933635312315
726.0	0.006022282447234542	0.005105561459004437	0.004984248038389191	0.0054618271999398015	0.004931750511280019
727.0	0.005596059015864099	0.005500185445697921	0.0048929543244731945	0.005368221325047192	0.004918680637588971
728.0	0.0054694883685128684	0.005018915133562838	0.004497231118306974	0.005274846113345378	0.004886442623848887
729.0	0.005502766145884212	0.005412627331486446	0.005008719225598218	0.005636716376972285	0.005025440201591514
730.0	0.00603403488956476	0.004779648282443813	0.004780986345534818	0.0049390919801680765	0.004065731050948578
731.0	0.005894029088187406	0.005728500735577653	0.005336663503184149	0.006083578967194962	0.005016762859192567
732.0	0.00506724916259072	0.00501120685998279	0.004912172046521441	0.005362153106436345	0.004412464090202093
733.0	0.0053565644141901365	0.00542578435516925	0.005351077579954812	0.00535231043794121	0.004922289011698544
734.0	0.0053793088054756525	0.005059589639300042	0.005170876942831385	0.0055774316049509495	0.004880992854392838
735.0	0.00519781425811514	0.005598622457444023	0.005201523255556486	0.005284139526008624	0.004850182081652225
736.0	0.0047711253376419216	0.0047614567419738026	0.004522920147349382	0.004693657002084034	0.0040750476844093626
737.0	0.005276393053033839	0.005706412538064447	0.0052371387877633005	0.00573155820229135	0.004865402284687232
738.0	0.005107460681061331	0.005179097615530565	0.005288287880800594	0.005646130375529048	0.005102983586971301
739.0	0.005089420784959865	0.005326450728404163	0.0051950177032926426	0.005307791427627734	0.00484282126105806
740.0	0.005248189577272303	0.005167164352457567	0.005435970390062803	0.005175458984639274	0.004790923194228877
741.0	0.00514704410705402	0.005367741127288608	0.00509532144299872	0.005310505621738126	0.004894471962078394
742.0	0.004694602039187424	0.005441649613182916	0.005175735219514046	0.005271770371123337	0.005012130147852494
743.0	0.004840430432989825	0.005278595631496785	0.005142822374436499	0.005241296956957713	0.0049711957877447335
744.0	0.004842046334495351	0.00496192208252374	0.004790754608680172	0.005247006696644017	0.0044343845745973744
745.0	0.004750662291133309	0.004975818972234211	0.00508812992930007	0.004882539262287808	0.004681978799420651
746.0	0.004965312655718382	0.005186419615047157	0.004870370610925433	0.005321187043687162	0.004747818371880263
747.0	0.005170234644140897	0.005335918784190089	0.005012942102122824	0.00504770069853183	0.004801355718461901
748.0	0.00485326357542854	0.005062328544836368	0.004680051479826137	0.004958781029672879	0.004653347523963339
749.0	0.0048570321780479426	0.005019654352155664	0.0049677706574561544	0.0050018121987013275	0.004612765129608098
750.0	0.0051089369831896	0.00509826727611571	0.004870381632322026	0.004941362785008702	0.004643307417154164
751.0	0.004893381240586886	0.004998309281158547	0.00481165985254414	0.004972946762569126	0.004610830522839445
752.0	0.004648633766802431	0.004861968779536575	0.004371135614416681	0.004698464829655824	0.004074834665206566
753.0	0.004913484729937717	0.004835406237807975	0.004559422476918374	0.004626052858598514	0.004423075715238093
754.0	0.00502195859607869	0.005014064637658933	0.004806304342046412	0.00497786552620476	0.004648367142940974
755.0	0.004794683405024446	0.004894393563057195	0.004625218421304916	0.004794002090218505	0.004498630995635158
756.0	0.0048148233248869535	0.004970628665776935	0.004677068377278534	0.0048704801014148105	0.004525997926171477
757.0	0.004873690020698501	0.005194654752453956	0.0049062389622456055	0.004856553758360912	0.004598219316576347
758.0	0.004843305172722161	0.004932298912742153	0.004729455124375393	0.004763223081303038	0.0044378814978208204
759.0	0.0049130454617314755	0.004986480030490477	0.004739870664185584	0.004711899367974735	0.004546781396589565
760.0	0.004639550829963002	0.00477024793529094	0.004686946126896149	0.004714210212313407	0.004301069924226442
761.0	0.004725189620121589	0.004760044075386025	0.004765841189284176	0.004638568484911027	0.004536949771360602
762.0	0.0047381394362730955	0.004984291100083422	0.004685114262279112	0.0047108538598312774	0.004602082688445306
763.0	0.00468477138002536	0.004970737356981491	0.004828739386976468	0.0048341345868837815	0.0045293637299417995
764.0	0.004461577792023895	0.004788007759879134	0.004602447302406572	0.004776536470850369	0.00440652450375153
765.0	0.004413091509348905	0.00473062330874727	0.004636178746135709	0.004540319776420838	0.004318534126279302
766.0	0.0042344466942013295	0.004766114297138417	0.004673619010056892	0.004622423658837086	0.0043857630601856455
767.0	0.00446260302662846	0.004859036297823945	0.004778536780904989	0.004640553645590744	0.004334698351488331
768.0	0.004125419682605297	0.004660234134530711	0.004576611383718143	0.00458723864845962	0.004324150329904393
