	A	B	C
320.0	691975505536.7701	691975505536.7708	792732958186.3464
321.0	784364910030.3315	784364910030.3322	964776206996.1162
322.0	668637218784.7489	668637218784.7494	853161276898.8767
323.0	605865197815.6393	605865197815.6396	869491002660.5587
324.0	727822209730.0753	727822209730.0757	961281629486.2518
325.0	718253567427.321	718253567427.3214	934485061166.302
326.0	738223152661.0587	738223152661.0592	968168738373.6133
327.0	771850024507.4677	771850024507.4684	1044044806492.2173
328.0	717727421945.6165	717727421945.6172	943132039779.0731
329.0	803448339723.0797	803448339723.0801	1051635081441.7671
330.0	718823020668.5249	718823020668.5254	952784631238.4779
331.0	742935113008.756	742935113008.7565	1034177889759.7964
332.0	735003972890.444	735003972890.4445	987312075134.0491
333.0	781973623310.7129	781973623310.7131	1044361201758.0806
334.0	750262210092.773	750262210092.7736	1008433920030.0359
335.0	777234186866.4243	777234186866.4249	1071015589237.0902
336.0	736536603920.3999	736536603920.4003	976868901859.3956
337.0	743873903492.4833	743873903492.4838	1003084176298.8588
338.0	771563851863.0344	771563851863.0353	1012107895393.4852
339.0	775318857922.7106	775318857922.7113	1044959497987.3448
340.0	779704363918.7142	779704363918.7148	1011762038796.841
341.0	717197979793.8572	717197979793.8577	949422869071.4343
342.0	762030376013.4199	762030376013.4203	972449459660.1721
343.0	707359156886.2872	707359156886.2876	936610909414.8776
344.0	688715531347.5566	688715531347.5571	890994183500.2502
345.0	732329100324.6862	732329100324.6869	891221833974.1906
346.0	715523491983.4655	715523491983.4661	867689112595.9247
347.0	691413578913.0923	691413578913.0927	827846025695.6917
348.0	668169390405.2544	668169390405.2548	781643219127.2286
349.0	725477201226.0582	725477201226.0588	801263070309.7794
350.0	740649908558.8513	740649908558.8518	800919096603.4199
351.0	698849583785.7638	698849583785.7643	734644465089.9719
352.0	727595895638.5692	727595895638.5697	727029666403.7031
353.0	746309782225.8352	746309782225.8358	738771503494.6453
354.0	564243524902.0981	564243524902.0986	530555340942.2891
355.0	652634366907.8423	652634366907.8427	603532920933.0405
356.0	705483540103.016	705483540103.0165	619317322787.0566
357.0	582916044369.287	582916044369.2874	524796230367.58276
358.0	589186018729.772	589186018729.7725	486092978796.9247
359.0	699109076936.954	699109076936.9545	572150381412.7863
360.0	721449491315.0629	721449491315.0635	636308839241.0466
361.0	688958550221.8324	688958550221.8329	520438144043.69183
362.0	531114865019.23065	531114865019.2311	376002224963.56915
363.0	687144959624.0189	687144959624.0194	488071569337.7592
364.0	592366855198.7178	592366855198.7183	401587828784.69073
365.0	748888356761.8718	748888356761.8727	497683153320.4054
366.0	704467373224.3832	704467373224.3838	443409790027.6652
367.0	659470559637.2102	659470559637.2108	406914646212.0265
368.0	633804192479.3856	633804192479.3861	385637598262.6369
369.0	764274339266.8044	764274339266.805	474804844163.31116
370.0	707475930968.3611	707475930968.3617	414381291507.78754
371.0	725812136315.0646	725812136315.0652	446077456047.28107
372.0	672567684732.9567	672567684732.9572	413119097869.49506
373.0	713155471646.6653	713155471646.666	432450169165.3888
374.0	673040907560.4973	673040907560.4978	400590178823.3211
375.0	619604986209.6937	619604986209.6942	355888401004.16046
376.0	589450415090.246	589450415090.2465	327470227278.8426
377.0	632208537792.0408	632208537792.0413	380698498997.3947
378.0	0.0	0.0	0.0
379.0	0.0	0.0	0.0
380.0	0.0	0.0	0.0
381.0	0.0	0.0	0.0
382.0	0.0	0.0	0.0
383.0	0.0	0.0	0.0
384.0	0.0	0.0	0.0
385.0	0.0	0.0	0.0
386.0	0.0	0.0	0.0
387.0	0.0	0.0	0.0
388.0	0.0	0.0	0.0
389.0	0.0	0.0	0.0
390.0	0.0	0.0	0.0
391.0	0.0	0.0	0.0
392.0	0.0	0.0	0.0
393.0	0.0	0.0	0.0
394.0	0.0	0.0	0.0
395.0	0.0	0.0	0.0
396.0	0.0	0.0	0.0
397.0	0.0	0.0	0.0
398.0	0.0	0.0	0.0
399.0	0.0	0.0	0.0
400.0	0.0	0.0	0.0
401.0	0.0	0.0	0.0
402.0	0.0	0.0	0.0
403.0	0.0	0.0	0.0
404.0	0.0	0.0	0.0
405.0	0.0	0.0	0.0
406.0	0.0	0.0	0.0
407.0	-1041617764840.6832	-1041617764840.6841	-1060994444431.7172
408.0	-1107949540731.2126	-1107949540731.2134	-1132772977947.2974
409.0	-1144160525872.498	-1144160525872.4988	-1155438335079.5442
410.0	-1181582351571.3057	-1181582351571.3066	-1191952018747.6704
411.0	-1232409032254.6523	-1232409032254.6536	-1234150805797.278
412.0	-1257640802365.997	-1257640802365.9983	-1258145843263.5405
413.0	-1279465816075.8203	-1279465816075.8213	-1276622082158.215
414.0	-1316635391627.8774	-1316635391627.878	-1306918619282.2593
415.0	-1319415020552.6223	-1319415020552.6235	-1314972252914.0522
416.0	-1369680214508.4429	-1369680214508.4438	-1361071060077.946
417.0	-1383008670374.608	-1383008670374.6091	-1366671528668.8066
418.0	-1392204027544.158	-1392204027544.159	-1390355280377.758
419.0	-1441503544084.7048	-1441503544084.7063	-1418187516140.2695
420.0	-1479144245394.7905	-1479144245394.7915	-1454576541752.4885
421.0	-1479280891883.2925	-1479280891883.2932	-1461585858944.795
422.0	-1474992971521.9563	-1474992971521.957	-1457622884436.0474
423.0	-1501326293227.2498	-1501326293227.2507	-1491956528555.1038
424.0	-1499286714053.1165	-1499286714053.1177	-1495565751808.6843
425.0	-1508328482431.0405	-1508328482431.0417	-1503928625525.3037
426.0	-1531461791919.624	-1531461791919.6252	-1534233799003.3652
427.0	-1583514064113.8071	-1583514064113.8086	-1586517768455.2917
428.0	-1557931210219.7693	-1557931210219.7705	-1564289972162.7153
429.0	-1547577636846.8777	-1547577636846.879	-1558019784163.4463
430.0	-1585490724947.927	-1585490724947.9285	-1592861624447.81
431.0	-1570100007748.585	-1570100007748.586	-1584562707023.7405
432.0	-1547722739573.2805	-1547722739573.282	-1563955774454.6692
433.0	-1569872997113.6462	-1569872997113.6477	-1592253149619.6555
434.0	-1569586472518.2026	-1569586472518.2039	-1595410098222.6897
435.0	-1558327856818.7637	-1558327856818.765	-1598261092435.5847
436.0	-1538610282774.213	-1538610282774.214	-1582089934230.8752
437.0	-1549370973979.0723	-1549370973979.0732	-1587438821623.2603
438.0	-1539754337852.938	-1539754337852.939	-1588570924612.8591
439.0	-1532264802151.4753	-1532264802151.476	-1577275951225.0493
440.0	-1531550743056.389	-1531550743056.39	-1584115970852.8694
441.0	-1524574004934.167	-1524574004934.1677	-1578049890230.7473
442.0	-1499073517248.2444	-1499073517248.2454	-1556632955621.0142
443.0	-1484462381846.4368	-1484462381846.438	-1542222786743.2896
444.0	-1498361758604.293	-1498361758604.2947	-1555365636147.5115
445.0	-1470096700901.9429	-1470096700901.944	-1534328629194.474
446.0	-1460377542651.1794	-1460377542651.1807	-1528680776559.7407
447.0	-1446121704752.265	-1446121704752.2656	-1514244862347.7458
448.0	-1439418589885.811	-1439418589885.812	-1511335028759.2156
449.0	-1403422860490.3877	-1403422860490.3884	-1475763126608.397
450.0	-1411197941068.4138	-1411197941068.415	-1485139809636.5017
451.0	-1376915271524.0427	-1376915271524.0435	-1450898693319.8179
452.0	-1348948340804.5889	-1348948340804.5894	-1428884682668.278
453.0	-1300445908274.8662	-1300445908274.8672	-1385106139702.32
454.0	-1315236909285.6477	-1315236909285.6487	-1398872104719.9128
455.0	-1269011505705.4197	-1269011505705.4204	-1357190861453.0708
456.0	-1252652289261.13	-1252652289261.1304	-1345109494916.1865
457.0	-1204650435650.4016	-1204650435650.4019	-1295325778890.1287
458.0	-1208589987418.5525	-1208589987418.5537	-1299615151101.5723
459.0	-1174842547347.9082	-1174842547347.909	-1264561961909.277
460.0	-1168386475510.18	-1168386475510.1807	-1251224477834.3667
461.0	-1122001570097.6267	-1122001570097.6277	-1208928333867.7087
462.0	-1126705523279.5447	-1126705523279.5454	-1209607469824.196
463.0	-1075357645171.7047	-1075357645171.7054	-1161617915429.9915
464.0	-1074426874782.6995	-1074426874782.7003	-1159058802412.0178
465.0	-1026971917794.6876	-1026971917794.6885	-1106314320600.2632
466.0	-1016566952935.7048	-1016566952935.7056	-1097498057676.2144
467.0	-1001100906404.6692	-1001100906404.6699	-1072991983315.6986
468.0	-975824211505.4762	-975824211505.4767	-1050988370114.248
469.0	-927267556975.8267	-927267556975.827	-1002487148083.5441
470.0	-930636343050.8324	-930636343050.833	-994592786992.9633
471.0	-881185667314.2661	-881185667314.2668	-940951301851.2004
472.0	-854910707323.7217	-854910707323.7222	-909599553336.1713
473.0	-820896996178.9032	-820896996178.9038	-875335907504.5793
474.0	-800442373583.4062	-800442373583.4071	-854757024501.382
475.0	-763287491449.6637	-763287491449.6644	-817941613631.3512
476.0	-744096573690.3502	-744096573690.3507	-795947320837.1239
477.0	-714773496737.7928	-714773496737.7933	-763561642385.6934
478.0	-679408300795.6061	-679408300795.6067	-723078110345.2819
479.0	-642774648178.6642	-642774648178.6644	-679956023149.0247
480.0	-621501258760.7494	-621501258760.7499	-655818926139.4868
481.0	-586660590606.4384	-586660590606.439	-618773142558.6136
482.0	-554855303632.2275	-554855303632.2279	-591519575773.8992
483.0	-528916566413.7198	-528916566413.72015	-559293998566.0934
484.0	-507028349804.8345	-507028349804.83484	-535064598874.2306
485.0	-473490498938.4148	-473490498938.41516	-503512410903.09265
486.0	-460765677478.8508	-460765677478.8512	-482657139534.4535
487.0	-406435000167.9339	-406435000167.93427	-438329793217.1417
488.0	-376103155287.595	-376103155287.59515	-408325991839.8008
489.0	-357115390465.25024	-357115390465.2505	-382803529063.82336
490.0	-327053222636.4303	-327053222636.43054	-355203424127.72156
491.0	-299453045843.0748	-299453045843.075	-325150430859.1203
492.0	-279646079591.906	-279646079591.9062	-304590077218.3283
493.0	-263925462299.3011	-263925462299.30124	-288596846797.0496
494.0	-231811105766.8509	-231811105766.851	-259152647531.33228
495.0	-204075255541.27606	-204075255541.27615	-225960422192.6531
496.0	-197603766768.05313	-197603766768.05325	-219421169656.49365
497.0	-171584140270.489	-171584140270.48917	-194196507143.62918
498.0	-153291134343.31848	-153291134343.3186	-177649803459.94788
499.0	-130534016729.10825	-130534016729.10834	-152969977298.18677
500.0	-120192329336.01279	-120192329336.01286	-141184538488.47308
501.0	-94093561452.22302	-94093561452.2231	-113310576100.06001
502.0	-78318311763.22552	-78318311763.22556	-96960540733.77008
503.0	-73334689181.89752	-73334689181.89757	-89613179069.99861
504.0	-55811736012.779205	-55811736012.77923	-69522566521.13849
505.0	-38425890624.14264	-38425890624.142654	-52084555228.95646
506.0	-30875412774.206654	-30875412774.20668	-42003661428.53288
507.0	-8478263912.28237	-8478263912.282375	-15930493869.475424
508.0	1438297872.1736724	1438297872.1736753	-4778819930.1225605
509.0	16120617375.971722	16120617375.971733	12160129165.565552
510.0	25603307071.782528	25603307071.78254	22752295659.222847
511.0	38153284657.782585	38153284657.78261	37466242573.157
512.0	48432731503.73317	48432731503.73321	51350875682.70497
513.0	52748902192.81736	52748902192.817406	57604723339.42653
514.0	66037435787.29369	66037435787.29374	70661339666.61269
515.0	79876081870.84637	79876081870.84642	87233185827.14235
516.0	90116947106.51334	90116947106.5134	99887959610.57515
517.0	107904103764.2004	107904103764.20045	119638032778.07567
518.0	101771678343.09695	101771678343.097	114952086623.31833
519.0	111901060829.37886	111901060829.37892	128245194117.475
520.0	118925354432.98383	118925354432.98389	134736024146.2575
521.0	130511287678.75995	130511287678.76006	147691710372.40512
522.0	133333772288.16322	133333772288.16331	153812905690.38754
523.0	142397997805.6787	142397997805.67883	161835272924.01184
524.0	147558344105.33997	147558344105.3401	168248273608.14148
525.0	163456675561.1744	163456675561.17456	187292901059.55875
526.0	160214146021.13614	160214146021.13626	185762712579.70938
527.0	169344683478.44165	169344683478.44174	199179633572.7061
528.0	173179257433.34256	173179257433.3427	203865732355.70108
529.0	188444973992.83423	188444973992.83438	219073520662.2855
530.0	190686327543.78937	190686327543.78952	222301690498.197
531.0	195679830644.0723	195679830644.07245	233172020207.78677
532.0	193388466104.64343	193388466104.64355	231897596830.96616
533.0	204264489189.20728	204264489189.20743	243202808236.6818
534.0	205828075385.39322	205828075385.39343	251719350139.41388
535.0	217030748641.9158	217030748641.916	257854035277.64383
536.0	216269796784.73196	216269796784.73215	260328542356.49637
537.0	228746261326.86716	228746261326.86734	275631477603.7104
538.0	232856284589.58585	232856284589.58597	279845911534.25885
539.0	229422910469.0562	229422910469.05637	282222742106.4766
540.0	232541820598.52094	232541820598.52115	287542628029.41724
541.0	238376673676.84067	238376673676.84088	292635893877.1721
542.0	246826802398.08795	246826802398.0881	306909728547.08386
543.0	248967200696.1664	248967200696.1666	305829962299.4228
544.0	255218513790.67908	255218513790.6792	314782961940.4141
545.0	257111818140.56494	257111818140.56522	319918483704.92377
546.0	261596641793.61984	261596641793.61996	322107132166.5237
547.0	261347084569.3717	261347084569.37186	326443435016.50494
548.0	252806914493.01642	252806914493.01657	320038504352.71924
549.0	261774225906.69455	261774225906.6947	331923685927.6186
550.0	259578420691.50168	259578420691.5019	333541799741.61676
551.0	266471990103.23233	266471990103.23257	339685798324.4489
552.0	268866811800.22153	268866811800.22168	346362247038.4704
553.0	273952799673.17587	273952799673.176	352388388698.6814
554.0	267436075902.11398	267436075902.11414	350326889283.5507
555.0	273420808318.7692	273420808318.76938	353695054652.55505
556.0	276085861835.61255	276085861835.61273	364084922454.3813
557.0	280985867769.2711	280985867769.27124	366603735574.5384
558.0	286022864630.39087	286022864630.391	374447552320.2731
559.0	288350938905.6512	288350938905.6514	381488422800.50195
560.0	276103734488.6162	276103734488.6164	373430871875.8123
561.0	289298780506.5406	289298780506.5408	383197987635.1594
562.0	291548050153.61096	291548050153.6112	387940115884.84094
563.0	293349345083.3263	293349345083.3265	395468952696.60803
564.0	301232674360.49396	301232674360.49414	399919158116.9879
565.0	307155867699.453	307155867699.4531	415443423777.7021
566.0	296494487475.50305	296494487475.50323	405402703230.8665
567.0	304123565676.7135	304123565676.7138	414826876046.6544
568.0	296030388784.9729	296030388784.9732	408712471341.51447
569.0	306016762683.04803	306016762683.04816	417507652800.22974
570.0	310829992533.9069	310829992533.90717	425082834111.18994
571.0	315148137806.0758	315148137806.07605	429444461863.38464
572.0	302632819383.91766	302632819383.9177	420562384141.43134
573.0	297982640041.805	297982640041.80524	414130688610.5876
574.0	300597456823.4334	300597456823.43365	413622954777.41486
575.0	300306152151.12225	300306152151.12244	415166752354.6693
576.0	289899056173.74963	289899056173.74976	411307485979.843
577.0	300958938035.32654	300958938035.3268	419559885353.95154
578.0	314497045463.1933	314497045463.1935	431267173542.1721
579.0	309794382709.4718	309794382709.47205	434150443955.3867
580.0	297251027307.70435	297251027307.7045	426141039673.8584
581.0	311992535881.5698	311992535881.56995	445507289743.24854
582.0	308739322987.03064	308739322987.0309	432684169845.2788
583.0	312147009062.70966	312147009062.7098	434387770108.09576
584.0	305918414711.6192	305918414711.6194	434964379594.31775
585.0	301315007458.69666	301315007458.6968	423213258578.3652
586.0	308440332366.5354	308440332366.53564	431658078001.51184
587.0	301715536040.56116	301715536040.5614	420815004080.9061
588.0	283592165981.6783	283592165981.6784	408976501136.8034
589.0	285274276906.1786	285274276906.1789	405969399765.8084
590.0	303294086342.2577	303294086342.2579	417024628358.07245
591.0	306703660604.61035	306703660604.6106	426579985849.4569
592.0	279885187350.17456	279885187350.1747	399653612415.37366
593.0	290142250013.2672	290142250013.26733	409361240909.209
594.0	293158557134.7125	293158557134.7127	412971646718.04474
595.0	280663662711.47485	280663662711.4749	395668414849.79114
596.0	283099496682.8893	283099496682.88947	396946537376.61176
597.0	285930196359.0099	285930196359.01013	398113066087.83734
598.0	283341812533.3301	283341812533.3303	398531416428.3867
599.0	287423468552.5098	287423468552.51	405805231765.14417
600.0	274630113733.4907	274630113733.4909	384594264357.04877
601.0	289156689600.79	289156689600.7902	406772862302.72125
602.0	290286831919.61066	290286831919.6109	395559311883.42523
603.0	292013140817.42	292013140817.4203	396380045784.2249
604.0	270228228640.9084	270228228640.90863	382162707037.2891
605.0	274450622523.50107	274450622523.5013	379677233063.78033
606.0	281932897936.4836	281932897936.48376	389442495474.4798
607.0	275700225528.1618	275700225528.162	382885842913.0876
608.0	280322083828.2186	280322083828.21875	377319230548.4177
609.0	278029159773.36255	278029159773.3627	371068958223.0816
610.0	265105209180.69995	265105209180.70013	363971161527.8912
611.0	266004293411.60938	266004293411.60956	360501024174.40656
612.0	264718472144.13263	264718472144.1328	359123172968.5977
613.0	264370385097.26266	264370385097.2629	356782460096.97076
614.0	260270415315.18323	260270415315.18338	349954390189.47125
615.0	278989830690.2264	278989830690.22656	370193318758.65393
616.0	264448826775.09293	264448826775.09308	343107244405.3278
617.0	242713377805.81482	242713377805.81503	333438525402.985
618.0	267033870602.10626	267033870602.10632	354473577797.6793
619.0	254996714066.9149	254996714066.91513	326138269210.49255
620.0	246096873857.66885	246096873857.66904	337829673022.90784
621.0	249952712431.61835	249952712431.61853	328482710481.48126
622.0	242311309795.36145	242311309795.36166	324994366820.33374
623.0	247387170488.84445	247387170488.8446	330928850791.13965
624.0	252846119140.67996	252846119140.68018	333424909238.6085
625.0	243936253545.7458	243936253545.74597	314782339248.87897
626.0	266581577778.94876	266581577778.94894	336257976704.50916
627.0	262911326401.8989	262911326401.89905	332491187823.0714
628.0	252080193167.3337	252080193167.33386	316546612234.5554
629.0	239283909784.23886	239283909784.239	303679606704.00494
630.0	250754622276.5133	250754622276.51343	316979884021.2438
631.0	234552761303.49637	234552761303.49652	294306007866.47876
632.0	251952271949.10037	251952271949.1006	321664094769.8541
633.0	218489885349.5242	218489885349.52432	289046398051.6075
634.0	223241323743.27905	223241323743.27917	280845934029.23596
635.0	247363751674.47247	247363751674.47263	308748390130.9985
636.0	215969315330.24707	215969315330.24728	283797438015.11053
637.0	230240540673.23492	230240540673.2351	287200036386.221
638.0	251405783863.83704	251405783863.8372	304237268628.45105
639.0	228214145552.9525	228214145552.9527	277045045206.9693
640.0	199088004118.8608	199088004118.86093	255776764198.99976
641.0	233054634456.95953	233054634456.95978	280760196998.1098
642.0	224068772772.4589	224068772772.45905	273789862675.06302
643.0	242277546851.3655	242277546851.3657	294050160869.58704
644.0	238810737121.2095	238810737121.2097	284922207124.6794
645.0	221408090947.2177	221408090947.21786	270680905490.32108
646.0	244904074497.30844	244904074497.30865	276327762752.21515
647.0	233640153954.6668	233640153954.66702	279832734367.6353
648.0	220336596776.63324	220336596776.63333	262379481029.65204
649.0	240138511808.38965	240138511808.3898	282641919668.91376
650.0	239361079900.5959	239361079900.5961	270489640039.03586
651.0	224274747459.06174	224274747459.06195	269450722855.73828
652.0	225486547248.05807	225486547248.05826	261402225463.1533
653.0	198737375184.37845	198737375184.37857	241084384116.77997
654.0	223517593660.64502	223517593660.6451	254125829185.88828
655.0	190882426052.82593	190882426052.8261	227360038989.50922
656.0	196653562465.27716	196653562465.27725	229556564061.45743
657.0	210156494454.7182	210156494454.71832	247761401303.26596
658.0	217376640450.12735	217376640450.12744	257343392114.6572
659.0	216964343184.75345	216964343184.75366	246142105957.0263
660.0	217203337774.6516	217203337774.65182	240801148134.9024
661.0	200720127270.18277	200720127270.18292	233049998666.36615
662.0	209387586295.71155	209387586295.71167	238965882933.30978
663.0	222657026826.45728	222657026826.45746	249744700035.45212
664.0	202145669927.8279	202145669927.82812	231544718167.97998
665.0	196449788651.88727	196449788651.8874	223639379952.6157
666.0	227117017545.99005	227117017545.99023	250685300520.3857
667.0	169120603029.55414	169120603029.55423	196780418998.84927
668.0	161947883635.41483	161947883635.41492	191190089180.548
669.0	209564391100.36407	209564391100.36426	235093054339.268
670.0	187638707367.768	187638707367.7681	207480749081.91547
671.0	197632576961.72348	197632576961.72366	224396429598.45627
672.0	190145090283.45697	190145090283.4571	220921877412.46008
673.0	178772614064.70892	178772614064.70905	202007659005.09186
674.0	183316494611.96533	183316494611.96548	208398751008.7373
675.0	183724463524.7937	183724463524.79385	206242866035.73264
676.0	185771025051.4806	185771025051.48074	211568544963.1522
677.0	185870424573.18488	185870424573.185	207023697661.45773
678.0	188841893905.55084	188841893905.55096	206664643050.39822
679.0	175506371888.35336	175506371888.35352	185734224145.66864
680.0	178646331408.49844	178646331408.49857	187557920912.93353
681.0	171757115041.87558	171757115041.87573	192329985879.68253
682.0	197636952370.88336	197636952370.8835	202629531289.45
683.0	180322943888.35452	180322943888.35468	201786493041.86298
684.0	174141639013.6537	174141639013.6538	193942283207.3562
685.0	187114475225.2766	187114475225.27673	209489722236.97424
686.0	195789582950.12277	195789582950.12292	208448583081.39285
687.0	185893622451.74655	185893622451.74667	205029613653.08176
688.0	177656505467.08768	177656505467.0878	190845123349.70178
689.0	178667886044.5985	178667886044.59866	195946464740.8215
690.0	176974937283.901	176974937283.90115	186434721902.36362
691.0	184008627785.65555	184008627785.65567	198535347461.11362
692.0	162790823767.0034	162790823767.00345	180734264491.23297
693.0	156434880289.05084	156434880289.05096	172171098535.42615
694.0	177583962416.96796	177583962416.9681	187953889040.99515
695.0	176564338128.1365	176564338128.13666	184663805326.2355
696.0	159610811190.4864	159610811190.4865	169439556869.5668
697.0	172797471951.4196	172797471951.41974	179194824344.65427
698.0	176678055318.29004	176678055318.29013	181740527745.5181
699.0	166086239026.02258	166086239026.0227	173769254426.8461
700.0	174044632011.14874	174044632011.14883	182450948951.29095
701.0	168063306754.59027	168063306754.5904	176023528058.7397
702.0	163681137509.65	163681137509.6501	170750509780.36172
703.0	173897781319.2199	173897781319.22	180167576705.16077
704.0	163525396865.84787	163525396865.84796	167774462226.1263
705.0	174536795917.4421	174536795917.4423	182809245404.1637
706.0	166896077122.2013	166896077122.20142	172227046543.142
707.0	170855180800.98517	170855180800.9853	172775610632.25833
708.0	160811490030.19247	160811490030.19263	165213260047.62607
709.0	159732411435.0357	159732411435.0358	165494271409.11932
710.0	179591909030.16138	179591909030.16153	180959224977.49496
711.0	161008159177.31787	161008159177.318	163619093676.72485
712.0	165011741618.84863	165011741618.84872	166126260517.92438
713.0	161492475459.61972	161492475459.61984	160790406685.54166
714.0	164162051702.35352	164162051702.35367	161379646884.0703
715.0	168494512128.53326	168494512128.53345	165120018509.8711
716.0	162367689739.18063	162367689739.18073	159758539343.08054
717.0	173183166063.56827	173183166063.5684	169691144052.61453
718.0	166649524079.08215	166649524079.08228	165883770928.78104
719.0	171785971915.98788	171785971915.98804	167196831006.46274
720.0	162122656815.67444	162122656815.67453	160723734417.2819
721.0	164177258681.82556	164177258681.82568	161583764658.31464
722.0	176144529903.71606	176144529903.71622	166643826272.71075
723.0	179330007790.43338	179330007790.43356	168875222754.30792
724.0	160477498055.41476	160477498055.4149	151066449109.8342
725.0	167275125913.5295	167275125913.5296	152371422453.57587
726.0	158835280707.78577	158835280707.7859	152250157399.69336
727.0	165111261259.34546	165111261259.3456	156243703776.5959
728.0	154133618895.99423	154133618895.9944	150632567508.26016
729.0	164527729360.5155	164527729360.5156	159096308887.07593
730.0	153152927716.84967	153152927716.84982	143336078783.32895
731.0	169424541546.77075	169424541546.77084	165270364644.95215
732.0	151911057799.15717	151911057799.1573	148906547465.56412
733.0	159880527478.9889	159880527478.989	154849878796.76312
734.0	153437027547.59494	153437027547.59503	151708696160.77118
735.0	158799883989.64868	158799883989.6488	150568124760.0324
736.0	141684425036.69452	141684425036.6946	136531337453.77753
737.0	163045043414.96655	163045043414.96664	162224977572.92758
738.0	155936056968.60385	155936056968.60397	156265068546.4974
739.0	154956308456.9578	154956308456.9579	155022828070.19345
740.0	155358636738.29718	155358636738.29727	155104668220.52155
741.0	158966564346.3131	158966564346.3133	155792855504.827
742.0	150887597629.47488	150887597629.47498	153837221686.43723
743.0	154202968911.54312	154202968911.54324	154099045941.14395
744.0	146209464356.97763	146209464356.97772	145108140387.0277
745.0	146968055573.37305	146968055573.3731	146398291931.06155
746.0	149079290421.805	149079290421.80508	146862404236.9793
747.0	154423348335.30286	154423348335.30292	149184733117.3904
748.0	147473697042.41272	147473697042.41284	146640559508.31573
749.0	148505733223.05722	148505733223.05734	143297947538.36575
750.0	147471021610.41428	147471021610.4144	143313150661.81915
751.0	145846167924.97656	145846167924.97665	141920143726.60687
752.0	139746848607.23672	139746848607.2368	133488670572.23158
753.0	141480690254.20526	141480690254.20535	137678045047.1304
754.0	150082070352.2167	150082070352.2168	144405670642.54904
755.0	146248557660.4145	146248557660.41458	139032343881.8525
756.0	147900838700.79315	147900838700.79324	140936886014.07925
757.0	152340148968.67575	152340148968.67587	144184737495.83502
758.0	144744398812.33658	144744398812.3367	138224270042.18253
759.0	145412431245.78113	145412431245.78122	138868742876.14496
760.0	143130496033.44357	143130496033.44366	137007755278.45996
761.0	144927250696.25763	144927250696.25772	139694943280.84927
762.0	145259714378.40216	145259714378.40228	139464092976.3603
763.0	147756443037.61807	147756443037.6182	142122449132.5346
764.0	142468045866.7123	142468045866.71243	138295314087.5791
765.0	141343217944.25085	141343217944.25095	136395566601.607
766.0	139007321883.1967	139007321883.19678	134855153462.02878
767.0	144857219619.25394	144857219619.25403	140070855108.82492
768.0	139104938437.29868	139104938437.29883	134825405599.82689
769.0	143432224573.6798	143432224573.67993	140761338631.72354
