Time in ps	0.525 ps (0.5 - 0.55 ps)	1.5 ps (1.3999 - 1.6 ps)	19.8 ps (19.1772 - 20.4 ps)	101 ps (94.9126 - 108 ps)	502 ps (469.743 - 534 ps)
335.0	0.025672216382354788	0.028446972985125444	0.03431097512965337	0.035885685933430625	0.0355621230246302
336.0	0.024166682765509942	0.027163705451023937	0.032411550702287184	0.0324818444792674	0.03203113488965036
337.0	0.024721254087706167	0.02681165717558492	0.03350174923000038	0.03380772700956343	0.03282193070633142
338.0	0.025606922373160774	0.02776640420000392	0.03327554631833642	0.034493645674477186	0.032495961826680554
339.0	0.024545483407907718	0.027824161502009767	0.03497813544313586	0.03477973910371283	0.0349144247025826
340.0	0.025809794071229276	0.027876019767522114	0.033773403527733385	0.033728936084581225	0.033555698529230404
341.0	0.0236332458334464	0.025735663568872177	0.030896250778053597	0.03206199850603623	0.03050938965310935
342.0	0.026168717180291717	0.02733721421997255	0.03221739986463064	0.03294364606845299	0.03195382335340782
343.0	0.022923929440105805	0.025752172267231706	0.030929147114560615	0.031105190020918102	0.03111622895036708
344.0	0.022540616100160008	0.024755864148295132	0.02982549925823588	0.02978916455325198	0.029191003383057752
345.0	0.02424299473761549	0.02577325938195048	0.029608149175688315	0.030424552259394694	0.029679310973389668
346.0	0.023762883626813277	0.025708314829332023	0.02938137909654554	0.028848592723805796	0.028683748652584995
347.0	0.0222112791723517	0.02421518524170358	0.02767830760007706	0.027785966324103774	0.027867420373502712
348.0	0.022597320848280564	0.02347652552789549	0.026121784308026193	0.02531171485995081	0.025499266405594894
349.0	0.02433399304031017	0.025455526441968166	0.02672622973680571	0.0277092988396371	0.026733603647465253
350.0	0.024394800960532124	0.02538329180415282	0.027448506759705407	0.027365325861704603	0.025221715653272817
351.0	0.02244515729326178	0.023779417048281026	0.02470969929838711	0.023991261901208927	0.025561976105447005
352.0	0.024076965975696633	0.023079204153735385	0.023411495616889377	0.02420688102740951	0.023804655475033312
353.0	0.0235519601282361	0.024515343901104648	0.02349163512908383	0.025810685415756197	0.025570496761420147
354.0	0.020481572903486806	0.019102673319382167	0.018640154063533105	0.018628997715729696	0.01478230743814866
355.0	0.020265879518232617	0.021153304686255	0.020389269245875568	0.01999645993493427	0.02000341508641046
356.0	0.022698492987379918	0.02235941130184895	0.021144206517726187	0.018906114003660157	0.02091056164385486
357.0	0.01748775219463059	0.02089071929440309	0.019238186407784564	0.021070267176469967	0.016571479822292293
358.0	0.020730145896954617	0.020958879928809782	0.018776371140436635	0.013669332856659236	0.015692189770767927
359.0	0.02366762467086762	0.023419069989777372	0.02109109147532234	0.0193074492541178	0.02055353074974176
360.0	0.0236197657955568	0.02222413138427905	0.022107811092761498	0.019226405784864196	0.0207996683809929
361.0	0.022885162300346724	0.02094575522304485	0.014396246136854494	0.018596416620344173	0.01848583003916536
362.0	0.01715271930898548	0.015776926183724685	0.012821711778093443	0.012038607247201384	0.01119505645398679
363.0	0.022212470549076237	0.021825595920978644	0.01799729386314252	0.015502393242955756	0.015000573618650152
364.0	0.020065114058392244	0.017860558433653854	0.014628422247117882	0.013418749579857605	0.012207212129720455
365.0	0.024697977953093374	0.023745064662218686	0.016721393591543846	0.0171681050675973	0.017081613680578235
366.0	0.022847489135174887	0.022246793682703637	0.01658396174254814	0.01479178173403867	0.013187890634823382
367.0	0.02203197768896225	0.020234687041564465	0.014220463791729651	0.012797441491772452	0.013178512900142925
368.0	0.01972172169626882	0.019719056547775848	0.015068450736049063	0.012396934067895486	0.012270954693928748
369.0	0.024998647681771992	0.022809555606275955	0.016320984096527883	0.015905772862872997	0.015293528205051433
370.0	0.022695484429789862	0.019991638187125817	0.014887709205404555	0.013660671728644908	0.01317963024545829
371.0	0.02421065025300464	0.021926290386763064	0.015090195807468905	0.014627922279759096	0.01403693710591725
372.0	0.022158181168956754	0.019720183515193647	0.014629424270071406	0.01303852117949816	0.01281708815873444
373.0	0.023216592235452253	0.020838781911949683	0.0146691300882734	0.014663664467288128	0.014130426562866606
374.0	0.022813888939768368	0.019507870099136602	0.014629964867838326	0.01391384235317459	0.01289527847490269
375.0	0.021417491086492983	0.019002298422489454	0.012660211601793732	0.011595481954485792	0.011444410893181382
376.0	0.018817093331130897	0.017496145352996494	0.011389263103093938	0.011002951673378237	0.009816793873072577
377.0	0.02126733956516102	0.01924414030420136	0.012174778146075049	0.01312800641795563	0.012731827587458638
378.0	0.018610741524215497	0.01564771059817565	0.010533822617815288	0.009284292348284456	0.009501458845571466
379.0	0.01394878254375223	0.011924683467621856	0.006292526129749557	0.0059347105759107975	0.007122383100345435
380.0	0.0	0.0	0.0	0.0	0.0
381.0	0.0	0.0	0.0	0.0	0.0
382.0	0.0	0.0	0.0	0.0	0.0
383.0	0.0	0.0	0.0	0.0	0.0
384.0	0.0	0.0	0.0	0.0	0.0
385.0	0.0	0.0	0.0	0.0	0.0
386.0	0.0	0.0	0.0	0.0	0.0
387.0	0.0	0.0	0.0	0.0	0.0
388.0	0.0	0.0	0.0	0.0	0.0
389.0	0.0	0.0	0.0	0.0	0.0
390.0	0.0	0.0	0.0	0.0	0.0
391.0	0.0	0.0	0.0	0.0	0.0
392.0	0.0	0.0	0.0	0.0	0.0
393.0	0.0	0.0	0.0	0.0	0.0
394.0	0.0	0.0	0.0	0.0	0.0
395.0	0.0	0.0	0.0	0.0	0.0
396.0	0.0	0.0	0.0	0.0	0.0
397.0	0.0	0.0	0.0	0.0	0.0
398.0	0.0	0.0	0.0	0.0	0.0
399.0	0.0	0.0	0.0	0.0	0.0
400.0	0.0	0.0	0.0	0.0	0.0
401.0	0.0	0.0	0.0	0.0	0.0
402.0	0.0	0.0	0.0	0.0	0.0
403.0	0.0	0.0	0.0	0.0	0.0
404.0	0.0	0.0	0.0	0.0	0.0
405.0	-0.032152560795222176	-0.033246049540709074	-0.033839659593138	-0.034432803116109245	-0.03256165305484168
406.0	-0.03245679688668904	-0.033932606750398	-0.03478795015794212	-0.034157930957888744	-0.033391311084438643
407.0	-0.03474649233314609	-0.034660656476714666	-0.03571763148806501	-0.035474356668749873	-0.03471288151378259
408.0	-0.03673992371940462	-0.037519212080359396	-0.03801655348842636	-0.03807816200157239	-0.03747220560682248
409.0	-0.03784917824425876	-0.03872823258360189	-0.03929136290652474	-0.03835164191725602	-0.03744544488330971
410.0	-0.03910484822658017	-0.03978481800229409	-0.04091398284195658	-0.04008403666628964	-0.0389763795214412
411.0	-0.04084154226790863	-0.0412498592792674	-0.04143456356593896	-0.04138708980821719	-0.039768378652879896
412.0	-0.041791401318881774	-0.04223369537774944	-0.041779156388981185	-0.041658397934903585	-0.04114836558870916
413.0	-0.04242179144113957	-0.04293021140151206	-0.043134163297306384	-0.042202230604619285	-0.04154587460771535
414.0	-0.04360528426705737	-0.044175242464374424	-0.043968755950971695	-0.043711924460066096	-0.04258202699418247
415.0	-0.04353286899079439	-0.04423556639630085	-0.04481831739450012	-0.044246750411957705	-0.042816158405214674
416.0	-0.04457535541024131	-0.04612740607453662	-0.046280602522408	-0.04546637568854997	-0.04426771938072206
417.0	-0.04551688525038813	-0.04593847637226935	-0.04673912426071969	-0.04558387580832171	-0.04450434230608394
418.0	-0.046164804895836686	-0.046405369592239634	-0.04753106585252873	-0.04587790985925724	-0.04531054098732197
419.0	-0.047519274721147475	-0.04826381510357126	-0.04784038357777768	-0.04695369358264105	-0.045953946506704334
420.0	-0.04841934146384213	-0.04939044598469671	-0.04860849479416429	-0.047942925719446916	-0.04707540429317822
421.0	-0.04867730143503477	-0.04915269218369571	-0.04931768869223356	-0.04838433773553005	-0.04737008086200571
422.0	-0.04818332791945538	-0.04961368886353973	-0.049042301940069935	-0.04821875784393591	-0.04733671618226726
423.0	-0.050046477783646376	-0.050259278390260204	-0.05026429009370685	-0.04994393278276596	-0.04876711082777965
424.0	-0.04938907719064978	-0.050538001141704064	-0.05098527192660384	-0.05030740927524609	-0.04913226230302455
425.0	-0.049691593099230554	-0.05042727324418586	-0.05088989705770303	-0.050150574430441214	-0.04917601645158969
426.0	-0.049939176485034285	-0.05152740338852879	-0.05210745272318176	-0.051238186955896096	-0.05012945079308513
427.0	-0.05237026046726977	-0.05307603753673048	-0.05379193965903147	-0.053112763756177475	-0.051637462251490594
428.0	-0.05131022842731445	-0.05191078305813517	-0.05281931541022751	-0.052280827768000276	-0.05079545839464561
429.0	-0.0508055841345432	-0.052438395563640244	-0.052508368302382036	-0.05192588965137446	-0.050636764504040636
430.0	-0.05225851329137589	-0.05310564454019727	-0.05358093031127046	-0.05296194687994103	-0.05177484778002732
431.0	-0.051574423310445094	-0.052936385057174414	-0.0534133667336322	-0.053059545097350155	-0.05172996972830088
432.0	-0.05122910170810099	-0.051920024626372546	-0.052332994806255015	-0.05192329892239762	-0.05117947678789039
433.0	-0.051956874922840145	-0.052840213930547525	-0.05364002688497495	-0.05295963879408365	-0.05171928138612106
434.0	-0.051618573825166034	-0.052942916048493355	-0.05381371496136295	-0.05325912165571259	-0.05219252777995362
435.0	-0.051236194423632794	-0.05255627333491114	-0.05406914101284257	-0.05360097020204825	-0.05248579837242766
436.0	-0.05043217605064238	-0.05168347710428932	-0.053573676251153696	-0.05273620866251222	-0.05189667592946928
437.0	-0.05116522068651693	-0.05245494920268027	-0.05375189149054493	-0.05275086433361383	-0.05170064111550405
438.0	-0.04997721733766262	-0.05219124840498769	-0.05361488859980339	-0.052755305608739284	-0.05214631078586445
439.0	-0.04995381961453954	-0.051752887196618164	-0.0535206610759161	-0.05238128922658465	-0.05125071764235091
440.0	-0.04982134019130093	-0.05167639170843099	-0.05337445798272902	-0.05260796093886737	-0.051534952454266564
441.0	-0.049988287871471256	-0.0517777071694012	-0.05364014062085577	-0.0525265879380848	-0.05138224349857563
442.0	-0.04854269866255145	-0.05077648508745393	-0.05260171820917139	-0.05148546077583589	-0.05069833520830972
443.0	-0.04866933749915832	-0.05061024408894005	-0.05215350983558021	-0.05128577974958122	-0.050271064382220884
444.0	-0.0488401709592996	-0.05085497338321242	-0.052516692805676314	-0.05180998416120085	-0.050773633259849606
445.0	-0.04821518971548113	-0.04989233898049473	-0.05204658087881685	-0.05073791933056138	-0.04982516160170988
446.0	-0.047922780060759416	-0.04963951143066948	-0.05163939279546483	-0.050800214427260376	-0.049874183882123446
447.0	-0.04770942077290135	-0.04894755282324055	-0.05139588806368039	-0.05030074482200546	-0.04908806402556898
448.0	-0.04731931035035345	-0.04872436525687682	-0.05135653798175156	-0.05048429384971789	-0.049180158345407565
449.0	-0.04615316383881341	-0.047632771561905124	-0.05024065279521968	-0.048889944214237646	-0.047975574414315256
450.0	-0.04684463992712193	-0.04774461896105758	-0.05023090589827922	-0.049367715375250004	-0.04814688611142855
451.0	-0.045329409948944056	-0.04687345801652734	-0.04936892456525304	-0.04824096583185252	-0.04679127439470969
452.0	-0.04440940026666027	-0.04612813904093772	-0.048077981168335636	-0.047510911239287454	-0.04652541985877515
453.0	-0.04236248149524336	-0.04472134316768485	-0.04706046008300471	-0.0458501571363187	-0.044841942280509646
454.0	-0.04319593746404031	-0.044691641200668555	-0.047396943509226366	-0.0464444562243047	-0.0452779343620293
455.0	-0.041153315271754996	-0.04331026163423128	-0.04623807138958403	-0.04528454806719192	-0.04381684430022957
456.0	-0.04110484235026289	-0.04287003271269972	-0.045650759332734415	-0.04482982156580678	-0.04377915931375249
457.0	-0.038628516325229886	-0.04120049259915669	-0.043765861700048654	-0.04269194715014302	-0.04201282355084894
458.0	-0.03860681219558167	-0.041101345829595765	-0.04428783712153383	-0.04321988802598735	-0.04236739628149739
459.0	-0.03777698500712381	-0.04000676405366023	-0.0429402557855729	-0.041957430924344785	-0.04078565692351101
460.0	-0.03814649149176721	-0.039983708436477965	-0.04221559358601911	-0.04139198053853799	-0.04054583982895847
461.0	-0.035979227774069505	-0.0384758495716693	-0.04095622984636786	-0.03994719422468437	-0.03910211219300473
462.0	-0.036132473752554586	-0.03824801204455812	-0.04096465431503552	-0.04009183003901358	-0.03889150323355752
463.0	-0.034587725873225256	-0.03676846441436976	-0.03949409429922942	-0.03837602764941323	-0.03735936276492502
464.0	-0.03415714136007857	-0.03686948040530804	-0.03904445491237474	-0.038547972619180346	-0.03763677819123645
465.0	-0.03330930065873722	-0.03514532360274057	-0.03763515247349637	-0.03663957984033302	-0.03534402272816746
466.0	-0.03272709227849731	-0.03468202390368992	-0.03754670017297751	-0.03636161957044909	-0.03548245199268378
467.0	-0.032404245010928534	-0.03401600665300687	-0.03685825624265806	-0.03547825444497431	-0.034571852569057857
468.0	-0.030866041532192835	-0.0333669395284223	-0.03613357372446309	-0.035194490000520245	-0.03415610776195859
469.0	-0.029887414306215068	-0.03180647302262994	-0.03435386642577361	-0.032971822597077274	-0.0322389684083013
470.0	-0.030312425702173462	-0.031593689563049296	-0.034018656740803635	-0.03289439996629864	-0.031973232144041935
471.0	-0.028131490417373197	-0.03005303250771731	-0.03180509341207871	-0.030956649129049885	-0.03033596699035094
472.0	-0.027379593501190663	-0.02925722065058082	-0.030661854689631157	-0.030082264595871988	-0.029597353515400722
473.0	-0.026324601527719833	-0.02801975606103167	-0.029909270931913385	-0.028843266682345502	-0.028163511386799664
474.0	-0.025150045036004154	-0.02749099006802004	-0.028841549907370367	-0.028730624915717512	-0.027652618559847075
475.0	-0.024329604972736937	-0.02590984497911057	-0.028021448700127113	-0.026896830637320276	-0.026330311164499742
476.0	-0.023711882259075973	-0.025390622307079874	-0.02762733657655829	-0.026367773248979366	-0.02542079776275251
477.0	-0.022389124180445096	-0.02430583389010762	-0.02636257452354666	-0.025444963043462842	-0.024433943382646074
478.0	-0.021651034164826086	-0.023125608246157524	-0.024783837098495395	-0.023890880255792293	-0.02309384166372718
479.0	-0.0200434287028634	-0.021896110431640876	-0.023173810157322866	-0.02240200922178032	-0.02179753901087994
480.0	-0.019421793992570942	-0.021444179871746797	-0.02150242343241404	-0.02165148335082455	-0.021297664973210118
481.0	-0.018382778428829176	-0.020062015010760617	-0.021216304869638172	-0.020553330680088425	-0.019691069129645078
482.0	-0.017312615495211618	-0.01905081644161269	-0.01990122100125231	-0.019483812407363625	-0.019014990047596568
483.0	-0.016566073475880794	-0.01789546461604745	-0.019551369386402565	-0.018524856129997318	-0.018026428479220077
484.0	-0.01594721065414165	-0.017368434639957422	-0.018583719054777778	-0.017855329654838915	-0.01722138967995586
485.0	-0.014968798574264964	-0.016246850491423596	-0.017509790246816193	-0.016505754961628177	-0.01605918884869311
486.0	-0.014109489536564154	-0.015786562648650353	-0.016661578688817957	-0.015793092887175224	-0.015174985123796815
487.0	-0.012411524865762814	-0.013964475803050703	-0.015060853934926443	-0.01452209768603904	-0.01403359318826157
488.0	-0.011595236721653596	-0.012921551487926227	-0.01385245584884736	-0.013471276377292517	-0.013381051404047762
489.0	-0.010907401583148513	-0.012255204568392963	-0.013352709425874024	-0.01252779330291039	-0.011912823142666286
490.0	-0.010168475206914038	-0.011392118949524844	-0.012450596465928238	-0.01176510570612209	-0.011179084648146912
491.0	-0.009350293703918816	-0.010491586477864414	-0.011210735480657739	-0.010732027876877402	-0.010164401579891399
492.0	-0.00874547933221637	-0.009726965765461466	-0.009877416299477474	-0.01007893089659927	-0.009747578982008257
493.0	-0.00846713991697414	-0.009225029828192488	-0.010027701020774934	-0.009521028941779714	-0.009160748949083043
494.0	-0.007574050575409181	-0.008057960841556645	-0.008935896003851172	-0.008437701259681143	-0.008159349414486792
495.0	-0.006845850333980172	-0.007491705029062318	-0.007806137150061418	-0.007294212013078767	-0.006994906280118344
496.0	-0.006376255651626314	-0.007199905435881603	-0.007139692085241517	-0.0072945470640783	-0.007232247985496613
497.0	-0.0055288187676696375	-0.006342846549027914	-0.0070823362745503484	-0.0061828613785210665	-0.006173837236312637
498.0	-0.004898938668387581	-0.005502964937891241	-0.006218361162548734	-0.005830408558533433	-0.005419986446736722
499.0	-0.0040111257137106894	-0.0047316670078972785	-0.005468311837843995	-0.004903704901083938	-0.004847295503649445
500.0	-0.0035847955263850293	-0.004217279943621392	-0.00518791121653992	-0.0045611564578387775	-0.004396122151062268
501.0	-0.002737361580495059	-0.003646530035139218	-0.0042361763907348415	-0.0035980372891460414	-0.0034846488710912303
502.0	-0.0020801132200606955	-0.0030664375796892055	-0.003734522189429266	-0.003051303690593838	-0.0031887344650830905
503.0	-0.0020691517241746595	-0.0029023989529113215	-0.003242671404637928	-0.0030721346109463376	-0.0026969757996025247
504.0	-0.001480981672113575	-0.0021559628623535926	-0.0026092658110538516	-0.0021429706580046014	-0.002179002977239444
505.0	-0.0008431434579981945	-0.0017974072105193916	-0.002243896240482915	-0.0018353009024469564	-0.0014470944929957823
506.0	-0.0010093672985583798	-0.0014568563206405114	-0.0015488420585570836	-0.0012504278402214037	-0.001192320811864443
507.0	-0.00024658228147898993	-0.0007360243654737543	-0.000986684215075448	-0.00035773709491252094	-0.00029018223641486066
508.0	0.0002764079565914766	-0.000298164010783637	-0.00033234338860735704	-7.538063779908263e-05	2.2613542228327215e-05
509.0	0.0006922609381393055	4.422520968612502e-05	0.00010720463038428241	0.0005595185015418942	0.0005569628523923025
510.0	0.000471012440833317	0.0006219061569945584	0.0008192278367429278	0.0007515925597231371	0.0009335117427162674
511.0	0.001416921441579814	0.0007386496830249729	0.0009470479637692785	0.0015098415603352795	0.0013362202473439296
512.0	0.0017546903788391792	0.0013066323159869131	0.001521222077930786	0.001747364865143525	0.0018830478529086774
513.0	0.0022007235680283994	0.0015092977245681188	0.0014457340476163873	0.0018056788508572328	0.002314607650616628
514.0	0.0024826801674176354	0.001963865186968302	0.0020112470958717687	0.0024987092860181935	0.0023387408436106203
515.0	0.003307567696952617	0.0023193351832930097	0.0026776789349483416	0.003259778407217041	0.0030690726999754504
516.0	0.0033651211904882194	0.0028854257460232966	0.0032348192554113512	0.0035868446672036812	0.0031660374594764105
517.0	0.0041990805876589085	0.0034597680759221846	0.0036534917365491	0.0039924813014196	0.004218936100052632
518.0	0.003991085369918184	0.003334543015388544	0.003642734127566706	0.003997428446132307	0.003956920976901866
519.0	0.004171607254477073	0.0036326830163969674	0.0038533382756932998	0.004395130273473114	0.004354093735756284
520.0	0.004418705102953355	0.004275793605983579	0.003912524641659599	0.004532012494347523	0.004329014972676296
521.0	0.005049966290133472	0.004456162104049316	0.0048356350299746595	0.005099729799940228	0.00499175882963781
522.0	0.005102694931404746	0.004479779579332632	0.004838454799973574	0.005112016668241083	0.005366726257891065
523.0	0.005243317412921684	0.004522781783915416	0.004806960480156195	0.005709878717171704	0.005445437814733516
524.0	0.0054275939450358105	0.004846266282990633	0.005630002485229715	0.0057538274499681	0.005428137183829852
525.0	0.006100622513419469	0.005426183292011609	0.0059486588519289335	0.0064309320990684465	0.0064315155255590456
526.0	0.005475302236677277	0.005453811148962244	0.005901544832532345	0.0061947489120120075	0.0061430801059419015
527.0	0.006221010118296555	0.005814709842400933	0.00640434036064446	0.0068604498866495466	0.006764133487492161
528.0	0.006344362386809783	0.005726637569705704	0.006967280502992578	0.0069454463560978275	0.006864372105550143
529.0	0.006967455068538314	0.006375837858010979	0.006998781590786028	0.007392117620361103	0.007443611262097492
530.0	0.0067884665928984265	0.006561317571489936	0.007353258600960617	0.0077280949794837255	0.007320966482953781
531.0	0.007099678802500318	0.006728486330339375	0.007630152495337118	0.0078041334537928275	0.007873932312924832
532.0	0.006844456624200134	0.006607888537317126	0.007347160396272459	0.007623059478667981	0.007764397684172287
533.0	0.007049336773835603	0.007225928719822505	0.007808855299641494	0.008383306542034464	0.008075190240099263
534.0	0.0073031187623472885	0.007093064797564256	0.00853976811235705	0.008439256602792829	0.008525158334075635
535.0	0.007406473385227308	0.007537137155164433	0.008257736901523389	0.00887904857762294	0.008502499086511838
536.0	0.0072664476079861515	0.007334271276672384	0.00863884891935478	0.008960919511966689	0.008572239802176045
537.0	0.008006639469100475	0.00784773825915901	0.00912574239160692	0.00940635519374648	0.009327646381860984
538.0	0.007825482385231727	0.008008090733390979	0.009147119075827544	0.009531486380778057	0.009257530912439643
539.0	0.007914219529790883	0.00810809522009337	0.00917629688488188	0.009573500443254843	0.009386372464716023
540.0	0.008204907903656855	0.008156840750099564	0.009274033965615835	0.00959935977919548	0.00931964194266073
541.0	0.007945142929243355	0.008364023124115851	0.009401479457008678	0.009824929675766172	0.009733416498747125
542.0	0.00844639637200245	0.008760186068557869	0.010003494742161808	0.010339977699176354	0.010165225566142591
543.0	0.008268616015490803	0.008713261748672922	0.010001247808366913	0.010493932144218003	0.010167048595484791
544.0	0.008593786147184604	0.00864050464673375	0.010680622244906462	0.010618151534579345	0.010405697333739462
545.0	0.00880341750325368	0.008965522009264058	0.01053541171218957	0.010761940550329255	0.010626912771184379
546.0	0.008562249092521628	0.009016217254280735	0.010936513557603222	0.010921928806182953	0.010530984444816002
547.0	0.008670105998184779	0.00922495610254373	0.010534598161421712	0.011020729514012662	0.010738497161230293
548.0	0.00823429558457797	0.009040286916070603	0.010350544514362953	0.010705799520933396	0.010391649637050554
549.0	0.008606652344262892	0.009236368260121516	0.010647139221667242	0.011240909311405037	0.010886180953080117
550.0	0.008520988145057699	0.009218381629844653	0.010759018186137281	0.011147566419705055	0.010891906344920268
551.0	0.008760215944720859	0.009369592727867127	0.011236764561068122	0.01172047663570374	0.01133364671588835
552.0	0.008995105660545233	0.00928853960121264	0.011813935374791463	0.011681686386113336	0.011385358646464507
553.0	0.009040675392766772	0.009745532817961967	0.011501480219219965	0.011772473109339801	0.011431982123910691
554.0	0.008765561247414677	0.009551777192858324	0.011589195262181379	0.011859270052789552	0.011489165257122309
555.0	0.008946150540627935	0.0099228039410283	0.011560043276614227	0.011992593704775512	0.011593702411208304
556.0	0.009511831157691069	0.00960169536892479	0.012190184650737112	0.012388434172975667	0.01178715740800379
557.0	0.009343019283772383	0.010055612500101695	0.01207838761928315	0.012311431889968924	0.011918183401842499
558.0	0.009170020988117889	0.010303560797581147	0.01228788301578151	0.012662968023649964	0.012217746439326774
559.0	0.009572319943611088	0.010250128162873238	0.012511505811085654	0.012900194018576394	0.012746475298577285
560.0	0.008924420588279672	0.009847865063721902	0.012117246354434506	0.012589415584262159	0.01209851406697619
561.0	0.009479953739612286	0.010444506752119668	0.012537624863080684	0.012901891524219312	0.012551304246348743
562.0	0.009179246720249104	0.010714747679375225	0.012671004859240562	0.012983934409548127	0.012651491248847754
563.0	0.009163962611984367	0.010670507403802328	0.012833690963215528	0.013395414643743896	0.013064113361452093
564.0	0.009786183312338149	0.010981807525853328	0.013339027704844774	0.013453077948514875	0.013235212094270678
565.0	0.010011364232336567	0.011187091194181474	0.013481071014303908	0.014077378601587648	0.013781426088042028
566.0	0.009538509651236843	0.010994451916163578	0.013237662286932447	0.013653864443571192	0.013800155126478347
567.0	0.009891328538319439	0.0110867326102582	0.01357693510054468	0.014033795956727884	0.01389723190636136
568.0	0.009767657086374709	0.010779990487125884	0.013338319040775086	0.013668033058135347	0.013368643440002756
569.0	0.009765760237273435	0.011079450805588953	0.013749234221559093	0.014036827051799462	0.013751706188837795
570.0	0.009922191740763016	0.011528482805809655	0.013980082450414856	0.014330262441235638	0.013876392367498592
571.0	0.01024577213038863	0.01150141789085234	0.014196276207121645	0.014538467742190687	0.013991987284459714
572.0	0.009699565322259213	0.010998813780918236	0.013879783007736181	0.014105634813763484	0.013860162472441016
573.0	0.009604143124813771	0.011269122512650569	0.0137151307207644	0.013924426847013428	0.01349457135542627
574.0	0.009725308847839228	0.011131791416754667	0.013723949930357901	0.013935385072570364	0.013630905175916978
575.0	0.009716456975017844	0.010991995330952811	0.013517874800680242	0.0138581152940693	0.013888748905762208
576.0	0.009296509379663313	0.010694492992618664	0.013438106026142128	0.013978527127525026	0.013268996951217098
577.0	0.010063855467158203	0.010959919078236104	0.013426206843467604	0.014006608019089765	0.01374527759199465
578.0	0.010353291765882774	0.011775836923716096	0.01413636024998372	0.014625828100244879	0.01420265717781331
579.0	0.010042646833653331	0.011529920702024223	0.014150773059327533	0.014612904486890238	0.014530677802727841
580.0	0.009944425820778185	0.010789539328963822	0.013815238621523675	0.014422730581440567	0.014128822503630626
581.0	0.010617800417984661	0.011652129911434193	0.014347726500132711	0.014937782672866239	0.014802072215223236
582.0	0.010285927302034106	0.011712230392465358	0.013948757596218374	0.01454739890761719	0.01415716825381148
583.0	0.010588506702308013	0.011739680071125736	0.01411892471906409	0.01464941023640903	0.014301273419522885
584.0	0.009788936342963942	0.011501641764188681	0.014383550610002451	0.014860757372795678	0.014267790796246588
585.0	0.010169007030566592	0.011214428832025825	0.013482301315034079	0.013985373594697812	0.013881290588972202
586.0	0.010105981734514203	0.011791620612905389	0.013905091885629904	0.01430719648320282	0.014025073877436237
587.0	0.00990324675627781	0.011346358989363323	0.013438606686149386	0.014264952678010742	0.013934130417406614
588.0	0.009005124867460827	0.011197719668704986	0.013787966059537218	0.01391865113478446	0.013350893589537272
589.0	0.00903106661774624	0.010820829968182226	0.013015948216301781	0.013594086483238977	0.01336273908955674
590.0	0.010147446443002963	0.011280711227964913	0.01311529426122583	0.013842963153358027	0.01386166318594639
591.0	0.01033910452598105	0.011269004982727357	0.013581051455708763	0.014144013840625209	0.014296716251769225
592.0	0.008879135638182463	0.010615216605960952	0.013261552679011527	0.013635310029586224	0.013056895056459485
593.0	0.00955805624925339	0.011016917181838237	0.013479709416213684	0.01360819319644379	0.013566124649792755
594.0	0.009700879982714987	0.011268887339704456	0.013311732069098085	0.01420717405286765	0.013677666584124719
595.0	0.009455039276506117	0.01038438465446339	0.013013942222269276	0.0135714200542565	0.013199682664315846
596.0	0.00971369501286361	0.011083213690398795	0.012760179427674226	0.013038699129711739	0.012857842945174452
597.0	0.009255762829785038	0.010820131046565174	0.013275589130989914	0.013841126359216752	0.01308069855461324
598.0	0.009634068144060898	0.010877565599685411	0.013182710400424373	0.013650511936643458	0.013244346651379049
599.0	0.009612689475271092	0.010786937378055273	0.013785411561485578	0.01401867571544876	0.0133996484250735
600.0	0.009634646355953281	0.010264319699062907	0.012447074507931467	0.013322609467742164	0.012924674762911016
601.0	0.00967938782777546	0.010680435857561513	0.012959172146084217	0.01423410668041936	0.013260532126848426
602.0	0.011037479414235392	0.011155718251198078	0.012572699359716532	0.013067885624124932	0.01324187856801224
603.0	0.009939603703750115	0.011370322228759278	0.0126488872710535	0.013018797456826554	0.01322470301334453
604.0	0.009951431463385714	0.010374289446383553	0.01299363108811721	0.013200289085350139	0.012059217965834196
605.0	0.00934367980011559	0.010609442473344315	0.012625445652687323	0.012722482761755236	0.012305009580156628
606.0	0.010337805548351472	0.010514875587140182	0.011955646093997603	0.013390974513279216	0.013169189336748884
607.0	0.009733791557007775	0.010226058973627987	0.012123907459499941	0.013017681818842792	0.01293088045915923
608.0	0.010077824857133972	0.010793782742026126	0.011965481189650233	0.012511534487518138	0.012022071200765767
609.0	0.00927396252081587	0.010408773168907464	0.012316676925337229	0.012635011723137874	0.012481922103925241
610.0	0.009616476623107472	0.009810064225222606	0.011861522379126755	0.012563784267770137	0.012044348285979034
611.0	0.00932361402444549	0.009671289463079241	0.01150792272050788	0.012389510555775207	0.011981272108161016
612.0	0.008543258755791717	0.009387172195005102	0.011824914473643531	0.012104112486570654	0.011397485574035623
613.0	0.008754557082910555	0.009749566868130003	0.011486251760022659	0.012314525952302065	0.011640157278203897
614.0	0.009557287185769555	0.0092112485849403	0.010872255707612601	0.012095583523628268	0.011420487279734642
615.0	0.009628660667153493	0.00989519973008227	0.011946409366735878	0.012528333985166132	0.01231665025314147
616.0	0.00924038596231432	0.00925592931286988	0.01076162118239101	0.01150631648654492	0.011018030134873298
617.0	0.008487283434977452	0.008793689792812111	0.010349222469218548	0.011423340412118996	0.011038124878803627
618.0	0.009327458331638434	0.009341886858926413	0.011147051706210038	0.011631536602531614	0.011811226401502825
619.0	0.008916259563362025	0.009078221676206675	0.009725524566598103	0.011257385056135579	0.011092670092338709
620.0	0.008343976320662095	0.008883812921846916	0.010773097188284838	0.011438816741013545	0.010421233750299935
621.0	0.00895382248342861	0.008451938988691614	0.010514034193119488	0.011207495038052417	0.010790909431704286
622.0	0.008624786470392484	0.008171807706196393	0.010779650590100937	0.011301828100121949	0.010596458572705404
623.0	0.008663516082658248	0.008699953500175193	0.010522595657445557	0.011525072907392738	0.010834796402315713
624.0	0.008652401626354335	0.008422120838580356	0.011400465959066885	0.011602113979697112	0.011362383177397647
625.0	0.008506818094942224	0.008319016139881324	0.010597482848550414	0.010551309039894782	0.010539640184406718
626.0	0.008957819911188514	0.009065121682557391	0.01070543031036519	0.011681335680097736	0.011053880199164014
627.0	0.009018453781708591	0.008596194366223733	0.01068209219704173	0.011411763803837785	0.011073518441993349
628.0	0.008072204491988899	0.008117683236228222	0.009729210062012494	0.010637386782656709	0.010304711221915678
629.0	0.008524446757250823	0.008406569777449479	0.009744564965639881	0.010955317077668156	0.010132130850764061
630.0	0.009090153328756151	0.007873592940437709	0.01033308533518845	0.01096415642588264	0.01059775342835504
631.0	0.008054676947667275	0.007773407335996034	0.008880350627933378	0.010610196580600017	0.01004073323455466
632.0	0.008174551953283387	0.007607729903381431	0.010860848174368052	0.010420651461536087	0.010575217283575475
633.0	0.007577764500153559	0.007818874004255263	0.009089754070717024	0.009881200914062225	0.00954446752735259
634.0	0.008265309063976232	0.006739853870478535	0.00933641452729687	0.009395814400501107	0.009763967315922833
635.0	0.008647776157551605	0.008102641640043009	0.009516496983277237	0.010622474467322927	0.009827496505114913
636.0	0.007183599438380733	0.006696507983976512	0.010080935212655257	0.010235822212723459	0.009388437631614188
637.0	0.008355340915741475	0.007794738332649714	0.009362643093088123	0.01019417236969345	0.009925825797834045
638.0	0.009480576762177386	0.008171921128971655	0.009677403656419952	0.010634292002176974	0.01047615576506523
639.0	0.008502448861358348	0.007162326205367239	0.008351886043194987	0.010092730385642866	0.009317198401060767
640.0	0.007490590536236076	0.006296153338067871	0.007735487486072697	0.008368817130855067	0.00805014794121158
641.0	0.008191583360664969	0.007463793776695737	0.008498417789350657	0.009429281415505624	0.009136392034235132
642.0	0.008017868764938426	0.007185233460874461	0.008252309263348011	0.009407163790156173	0.009517350804771868
643.0	0.008381156778976022	0.008128144534812825	0.009326216441819562	0.010436636606204783	0.010125897392434934
644.0	0.008415837955728	0.007604137509887566	0.009623344092362726	0.010025649707906186	0.00923382160968179
645.0	0.007428148609653775	0.007729607177558868	0.008535080910758544	0.00981604100066557	0.008977965886101554
646.0	0.008705003345588202	0.007876306539228932	0.008277964982178433	0.010029174993038747	0.00943379953833914
647.0	0.008985303658077112	0.007685882254016906	0.009382338051314444	0.009476243106252316	0.009607116671606155
648.0	0.008585146330522875	0.006658305093856244	0.008193165769034215	0.008939055479977113	0.008729360435194879
649.0	0.008916615369009815	0.008059007604039924	0.008540855604947472	0.009617851129674561	0.009514147068434403
650.0	0.00935446801566107	0.007586832729237469	0.007998414291841621	0.00949804686755332	0.009090228498836304
651.0	0.008337343185671576	0.007653254002145058	0.008684108273182905	0.009643685114160716	0.008824123421121995
652.0	0.008464315814479442	0.006878313963611424	0.00779425841541144	0.009732147437485402	0.00887430554975239
653.0	0.007364213119110141	0.006031898621147035	0.007737025087968525	0.008478591654810476	0.008195232446541446
654.0	0.007650560892106192	0.00734209633247603	0.007802419484120694	0.008683146637950306	0.008956682340519532
655.0	0.007311054769701576	0.006441070033382377	0.007202799566736204	0.008019901285831535	0.0076012802572266586
656.0	0.006805963040757289	0.006276008190339305	0.00695084882971445	0.008219713505326432	0.007887604943680075
657.0	0.0076167039646176694	0.00706867089894155	0.007994656716467508	0.008529005364641006	0.008252730311835245
658.0	0.008038350875116675	0.00722927797802142	0.007649656031071134	0.00890662168053211	0.008943540496455743
659.0	0.008014976009804853	0.007250162810290186	0.008076353039384511	0.008970403712582363	0.008374294615172372
660.0	0.008117254606477874	0.006860810240424037	0.007796766478136494	0.00828727557814045	0.007698065951042224
661.0	0.007040069397361324	0.006943995881088298	0.007833137093463956	0.008098129317434997	0.007998891779833367
662.0	0.007987463388139594	0.007074100616235233	0.007941821002257671	0.00887023741052579	0.008753839980965161
663.0	0.008103976528607974	0.007740385368346293	0.008283558071677249	0.009059767132728696	0.008887664703893954
664.0	0.007108459372396008	0.0067625601135584325	0.00757913551661769	0.008123523315367849	0.007778823076806588
665.0	0.007120551708647308	0.006728725725071043	0.007439879752562243	0.007739836966376899	0.007203680489943309
666.0	0.008209025450592673	0.007932880353125116	0.007927144879698377	0.009162569589603712	0.008409264438042664
667.0	0.006099638612129962	0.006169013342044892	0.006731088790332006	0.007019707447803413	0.006701417750504935
668.0	0.005538782188140122	0.005588446011784127	0.006234606795674863	0.006515514943973004	0.00580263228032416
669.0	0.007229557605238396	0.0077642067353893215	0.007999833287641464	0.008079189244241008	0.0078582605269412
670.0	0.007152624975927154	0.006433911631904291	0.006416558992036967	0.0075048814703522135	0.006747497880713632
671.0	0.00676824840162299	0.006898955424565759	0.007544018412956564	0.008105700392439661	0.007763175275300007
672.0	0.006204492056343011	0.006783686633543567	0.007201786590920622	0.007562590626020612	0.007543774437911328
673.0	0.0057012927951872235	0.006064582059511599	0.006554947363927976	0.007265453876858702	0.00690043712173964
674.0	0.007059339887130332	0.006394096870403199	0.006533009302648356	0.007705666746868183	0.00717446929110216
675.0	0.006322231675186113	0.007019345273462645	0.006768356248010575	0.00750802883643073	0.006952530632310747
676.0	0.005444620112602907	0.00634347113029904	0.0067751511482305425	0.007169353736861438	0.007327924862918779
677.0	0.005910009237665156	0.006196295404815489	0.006648133946508817	0.007102108081560489	0.007185079705874169
678.0	0.006443510077914142	0.006612094427202153	0.006873870023850428	0.007342291131322324	0.0070845524394012975
679.0	0.005714376852458915	0.006250278498754972	0.006217125533079483	0.006352826904646015	0.006466174796037078
680.0	0.005876655747751776	0.006110766706888936	0.006258555605936579	0.006618457492596807	0.006613393320621273
681.0	0.005373689061018027	0.006329446207715533	0.0058980085636499745	0.006542429567182819	0.006222153134343306
682.0	0.005945566574532766	0.006818410194246524	0.006565401472654079	0.0069335929189515855	0.006555641452805327
683.0	0.005506486957962701	0.006054623801831933	0.006915711817940569	0.006528536597548472	0.0069794733869945145
684.0	0.005307029207670687	0.006256263414844073	0.006487394353666256	0.0068949621352759095	0.0065285759242662954
685.0	0.005464731682694859	0.006534770592907049	0.006834234143867678	0.007600896596387964	0.007296587474188555
686.0	0.005296937806060943	0.007086047030167254	0.00659069540301208	0.007430265009172949	0.007527181235491775
687.0	0.005646426915101049	0.006144662851731928	0.006691107157257852	0.0069512068475774316	0.006820468176570599
688.0	0.005291277710561721	0.006481671624204285	0.005867546645925064	0.006760469820735524	0.00631543669991326
689.0	0.0053262864953363305	0.006289234222667815	0.0062868645741709795	0.006878674310501008	0.006804914238596311
690.0	0.004717688310703256	0.006176050727132804	0.006315045799272321	0.006714332080376207	0.006613770570026491
691.0	0.005084383188390541	0.0061856938684210355	0.006619611692896002	0.0070078847478181865	0.00666093385840931
692.0	0.004706168981820033	0.0060508291567458695	0.006213855608980776	0.0065547209600500065	0.0063481665566602705
693.0	0.004369775651266021	0.005739182317449768	0.005698246365292144	0.0060404226656068614	0.005744444592063377
694.0	0.004154182616988835	0.006699327110164132	0.005998792733571577	0.006801630696717877	0.006167600147610455
695.0	0.0048889361701664556	0.006148772137338183	0.005990606306371891	0.006380560512850446	0.006253541289161618
696.0	0.004449766170228037	0.00558249133603002	0.005302734382179971	0.005667410311210364	0.005666680978668428
697.0	0.004808681779530118	0.005896564039032869	0.005970297522617992	0.006270551953897639	0.006068381613103583
698.0	0.00462645004203451	0.006210566828728475	0.005434285735628862	0.006050562805730837	0.0057863910159938504
699.0	0.00423702388885993	0.005708947031835519	0.005909675675896677	0.005905970767112596	0.006141272604579655
700.0	0.0044154522967297435	0.005920562026990726	0.005703098955346619	0.006560273618051874	0.006027972655370828
701.0	0.00462026145712177	0.00572375418507487	0.00575767915025892	0.006152717277050367	0.006129298352247079
702.0	0.003557844179606733	0.0053690810202114605	0.005574045016521744	0.006277566658179787	0.00581489620030551
703.0	0.004374710284516968	0.005874573619050975	0.005672254192659591	0.006339588150274456	0.006366263602345143
704.0	0.0042448866829555235	0.005570069303405598	0.005260024099112729	0.006163359974618924	0.005761066534780897
705.0	0.004651296688336798	0.006058186425773484	0.006168582786872435	0.006342118249180191	0.00598258644825567
706.0	0.00441902623200763	0.005451446904273866	0.005610600751183595	0.006157481629381724	0.005777917267850894
707.0	0.004541441337097739	0.00579307555858966	0.00554652240313703	0.006228175302404434	0.005759782580456823
708.0	0.004618505597076734	0.005568124071059095	0.005220368704621839	0.00576113123961673	0.0053049682046585065
709.0	0.004506123438859801	0.005433459501202795	0.005630603747914266	0.0058332612338229594	0.005693132291408509
710.0	0.005002067207330931	0.006081091234455898	0.0059076275803780975	0.006273207759506775	0.00592676115574978
711.0	0.00442266521534688	0.005347438358698305	0.005407447474260384	0.005998200687198492	0.00570115602326821
712.0	0.0051055245032623365	0.0056921673556647855	0.005343257513583282	0.0059456140101345175	0.0054594491388802475
713.0	0.004590405460338454	0.005393242341730943	0.005342764037763199	0.005648656883810561	0.00544582237854463
714.0	0.004431976071305814	0.005395536593629068	0.005418100014365774	0.005612476573750828	0.005342183478341162
715.0	0.00490505382433215	0.0056922736917424666	0.005520588008767202	0.005663939282377305	0.005655028192896672
716.0	0.004947109470092594	0.005775627112409767	0.005053228422167433	0.005720586448811484	0.00532675725333612
717.0	0.004875443444656472	0.005604831509926269	0.005903597443513024	0.0060284671962556515	0.005797923247017292
718.0	0.005058818934305572	0.0054828977162375715	0.005375342837071705	0.005761732508199375	0.0055053155726711095
719.0	0.005032174975489637	0.0055760132681499566	0.005800572876949554	0.0059234950884921676	0.005490739640004587
720.0	0.004483436238209048	0.005625346477480255	0.005653617934602086	0.006004837173063643	0.005388380140968187
721.0	0.0049685293756989496	0.005024464095026678	0.005382448525397047	0.005906929753805417	0.005487648977669077
722.0	0.004514757082642942	0.005781121371346756	0.005357048293548731	0.00598817689512083	0.0056210070581193755
723.0	0.00482966731857906	0.005556604271320405	0.005596025950081408	0.006325938221851915	0.005774097597542307
724.0	0.0046476084466340935	0.005444967589431539	0.004572841906911523	0.0054128689212948645	0.005202650854354961
725.0	0.00454784813624122	0.005194101915989802	0.005207400606590354	0.005121863737808706	0.004982048824049587
726.0	0.004710649520016024	0.004776142258061961	0.005161895947718762	0.005437838648820081	0.0053899278610113985
727.0	0.004914861793042802	0.005309150057558992	0.005010732669232614	0.005349224942827536	0.005557507427441209
728.0	0.0047726444452730835	0.004843730685239021	0.004569023925235603	0.005259636992941066	0.005244299877213326
729.0	0.005191778283912765	0.004952815225198684	0.005117714140211882	0.005631416012371107	0.005480404787321852
730.0	0.0043164377674677805	0.004676896318141404	0.004864490561390952	0.004925002227643639	0.005127037063261596
731.0	0.005225017740277169	0.005376549202876273	0.005454654996896358	0.006061235092327641	0.005756029058184328
732.0	0.004368437583573645	0.005028048063009819	0.00488594699180888	0.005341186410102144	0.005060601550020238
733.0	0.005021213686969734	0.0050249435949000915	0.005468545987245306	0.005346409083280223	0.005052908770841047
734.0	0.005083035405054375	0.004596933092570737	0.005330580400915129	0.005555197455972757	0.005249895737064393
735.0	0.005430842445810206	0.005121150867186258	0.005311450817744557	0.005288328093829814	0.005317362925257534
736.0	0.0050546835142723	0.004621520609074204	0.004662100784785571	0.004685227970217502	0.004734890327059812
737.0	0.005266674268395958	0.005290715457501286	0.00534479441890841	0.005725732372830293	0.005449637781017499
738.0	0.0056686490320245935	0.0048563047351794925	0.005387041815076795	0.005638080129388557	0.005339050533974337
739.0	0.005278105948262726	0.005291291734865691	0.005273217459212853	0.005302151337285722	0.005073238153590632
740.0	0.005284746088856008	0.005262959654735886	0.0055331828524906555	0.005177231754393569	0.004991637200908781
741.0	0.005432598303514544	0.005116647250629135	0.005154419902691812	0.005303622681294756	0.005070470485700914
742.0	0.005474348565326635	0.005027544058856694	0.005239573060064202	0.005261866391476253	0.00519804519772582
743.0	0.00539299151688206	0.004856016175114218	0.005210221905127454	0.0052311163981292475	0.005228623813030225
744.0	0.005039594934845255	0.00489312408562107	0.004811930129190833	0.00523363118950847	0.00490788408924143
745.0	0.005151629312317469	0.004718180832749706	0.005140322651853565	0.004875143127672744	0.0048830353110332885
746.0	0.0050716231522503425	0.0048198701047655595	0.00489171470076374	0.005308950539338664	0.004865418469597475
747.0	0.00527085187440751	0.004995887706958342	0.005094514653643201	0.005040285647534568	0.005020889122445494
748.0	0.005253400714069696	0.004864148394837789	0.004712974651511167	0.004946533281301117	0.004788427244510765
749.0	0.0051492892129249394	0.004890052430350636	0.005066489276667422	0.004988988494271234	0.0047797817308062925
750.0	0.005328981637124915	0.004796334726866604	0.004989109133040913	0.004930859020328934	0.004831060927158678
751.0	0.005252552471815402	0.004781121388973419	0.004841569063388947	0.0049581505759081	0.004710024462190168
752.0	0.004964110792167878	0.004465783599437075	0.004354588904273902	0.004693338581687604	0.004368700964476677
753.0	0.0048380291386424645	0.004605722988336527	0.004583584967700175	0.004619599128838972	0.004699331066754152
754.0	0.005351111246907492	0.004899516178798656	0.004869581114305802	0.0049682075475016955	0.004901293513257604
755.0	0.005059969464759853	0.004718036404590157	0.004698950742132717	0.0047805576175560475	0.004746979371355371
756.0	0.005138799364055302	0.004806371359057193	0.004685699254009959	0.004858958172846315	0.004730679677595485
757.0	0.005306395348103356	0.004817284908045184	0.004959902574966413	0.00484964221234963	0.004771527908351983
758.0	0.005360299249654733	0.0044095795649742794	0.004774872639716797	0.004761656525054435	0.00464046319921022
759.0	0.005174276950767733	0.004539619669467117	0.004761416990679401	0.004702894325945962	0.004677683746848196
760.0	0.005097758723066139	0.00472476149074539	0.004673280200879079	0.004707360281466678	0.004551178502139647
761.0	0.005052502634782383	0.00471964749251608	0.004867577813143029	0.004635238690303074	0.004596460068166853
762.0	0.005210596890313029	0.004626019219289847	0.004686990992420935	0.004704813877656446	0.004661812496043642
763.0	0.005257775472661735	0.004750520695347729	0.004936522867995491	0.004828750861668561	0.00462833286871976
764.0	0.0050590051890525905	0.004700278911702396	0.004628045604000222	0.004768537764952665	0.004615100812745509
765.0	0.005061682216554345	0.004690039652460801	0.00465043515848846	0.004538422638835516	0.0044816553388964935
766.0	0.005008302247627482	0.00458866595255027	0.004764914648451954	0.004613627090731895	0.00438353845638391
767.0	0.005178718017770875	0.004758312095080544	0.004796101866716118	0.004641562736194823	0.004765854335029971
768.0	0.004998717645038309	0.004488670480986329	0.004597209411671102	0.004581457251192862	0.004423208159029984
769.0	0.00502762377008711	0.004747816265094134	0.004747468209137727	0.00476587033986078	0.004598344080846358
770.0	0.004991453190066678	0.004701431654947687	0.004760899213190631	0.004638678814690947	0.0045544648818161984
771.0	0.005046899295554565	0.004799843854509163	0.004701288782646988	0.004688024373752089	0.004592521645442143
772.0	0.0049925106989229156	0.004963859363838833	0.004674118080956444	0.004729916863367857	0.004611061762161757
773.0	0.004826744146786077	0.004654038338815393	0.0045975386176931796	0.004584057447771266	0.004387591045095334
774.0	0.005081512321222199	0.004869903161306798	0.004865217680218449	0.004799690418342913	0.004619926640432121
775.0	0.005231669797528352	0.004944603935378081	0.005008470332478763	0.004866439638803042	0.004786179726129084
776.0	0.00511540568920062	0.004954279636771234	0.0047828303494332255	0.004796474045412972	0.004751192820911982
777.0	0.005036635888517494	0.0048491425628340076	0.004757324469333803	0.004669605929397662	0.004505371718452361
778.0	0.005257366079289818	0.004998825356922427	0.004791931567577406	0.004870009825389094	0.00464701853884599
779.0	0.005153881681581615	0.004880826949808383	0.004748135665135948	0.004703937032743764	0.004512029926012063
780.0	0.005304547739468088	0.004941295236164605	0.004936814923728603	0.004891643357429635	0.0047398182601629335
