Time in ps	0.525 ps (0.5 - 0.55 ps)	1.5 ps (1.3999 - 1.6 ps)	19.8 ps (19.1772 - 20.4 ps)	101 ps (94.9126 - 108 ps)	502 ps (469.743 - 534 ps)
335.0	0.0256965863466067	0.02781334987398592	0.03491552967967838	0.03559024537409233	0.03571388055848107
336.0	0.024463868366726954	0.026064411414118412	0.03159130323708615	0.03253296936047258	0.0327813115703149
337.0	0.024646240042486986	0.026449050926867206	0.03257994516129521	0.03338053013659689	0.033566443560264905
338.0	0.025566936989851602	0.02719791833103511	0.03280956983720923	0.03371260125905864	0.03394047349708503
339.0	0.025736098229399894	0.027599511917275547	0.03394370231337661	0.03479101322441737	0.034990173079692814
340.0	0.026042851020559355	0.027497634978889914	0.03261807554066731	0.03374039414223992	0.0340590915356965
341.0	0.02395619570344527	0.025501813348327497	0.03080241776329965	0.03161033432725631	0.03180802792955639
342.0	0.02540435008122599	0.02678334135683368	0.031546682698847035	0.03236038131023582	0.03255896497471575
343.0	0.023619075230241777	0.025145780442320464	0.030386232939471153	0.031197301798717332	0.03139799621293336
344.0	0.022997185115783574	0.024436821757850415	0.029231014498190662	0.029587832421458182	0.029609941209793572
345.0	0.024404570840648506	0.025456190517544934	0.0290714129952895	0.02964202501780537	0.029754350043043283
346.0	0.023736239001975138	0.02473629693192527	0.028219576513118027	0.028887337120763246	0.02904257915469132
347.0	0.02282674220766306	0.023815054704424753	0.027145921028469498	0.027497673965105243	0.027529300034983224
348.0	0.02225082035113869	0.023038777086237236	0.02569719080697507	0.02598372278228473	0.025996088519059622
349.0	0.02424880097462217	0.02466690027624653	0.02619781076356523	0.026677602240669115	0.026769240108336007
350.0	0.024747263933535203	0.02503468664271242	0.026160970596262448	0.0266918087860556	0.026805293472126113
351.0	0.023408834489958254	0.023498645539618057	0.023976328997619704	0.024483653923438903	0.02459749782293376
352.0	0.02411780747158266	0.02400251323821121	0.023791349889086016	0.024230124693324237	0.024318628857940124
353.0	0.024874329323379876	0.024718524681256217	0.02431979905441813	0.024602310361000558	0.024625970749021436
354.0	0.018805204208213525	0.018485303783434062	0.01751265864086212	0.017679954189178754	0.01768407868314359
355.0	0.02160855108857689	0.021207092635581876	0.019955804092824776	0.020081729718466557	0.020060568926319376
356.0	0.02363638624562153	0.022795496950463297	0.02024459590404305	0.020710872913574534	0.02082982454111816
357.0	0.01976525838353359	0.019201107347036506	0.017400999868031543	0.017466849427339906	0.017432377208706436
358.0	0.01949533985658952	0.018670192310334233	0.01605621749703208	0.01620871848956961	0.016216493552545314
359.0	0.023034131981980833	0.022074795577927145	0.018993932174439634	0.01905548133796965	0.019016487295536913
360.0	0.024247194172715255	0.023466210830107054	0.02101519207995876	0.02122092438646255	0.02123113416318588
361.0	0.022636859283211772	0.02148249122982558	0.017621813869756465	0.017273415601939714	0.017075450553502895
362.0	0.017271692541086684	0.01631343219866402	0.013001772177159887	0.012417637200579337	0.012140202862045547
363.0	0.02275103417183228	0.021356319606479983	0.01666559629685471	0.016173981366922018	0.015923688448613933
364.0	0.01930716360668914	0.018164848291101345	0.014134407078538167	0.013209835452750961	0.012791985995222275
365.0	0.024553937718973115	0.022922653070971345	0.017320760988940528	0.01642702724695813	0.01601361278670096
366.0	0.02301431681314582	0.021367087298420614	0.0156522203150049	0.01458943776549864	0.014114105676051588
367.0	0.0216552667179114	0.019957203094618764	0.014193734020489	0.01345238805638314	0.013112940710226239
368.0	0.020706698265559015	0.01911721601789151	0.01363506528687521	0.012699686107116814	0.012283009957718836
369.0	0.025165765700547734	0.023176795940336586	0.01646819724416347	0.015716785040727353	0.015367058150220454
370.0	0.023262213375567574	0.021274900106328386	0.014536288294839297	0.013687796786893924	0.013306101143595414
371.0	0.023865049277121925	0.021963123850600133	0.015527369527509825	0.01475153433651313	0.014394773745203492
372.0	0.02207963227288648	0.020342617079527715	0.014435992863122192	0.01364738821199122	0.013288237259372653
373.0	0.02349553361363034	0.02153563725713418	0.014964233911376615	0.014332581016507334	0.014036716051071839
374.0	0.022166980556205258	0.02028058679368031	0.013930772422706513	0.01325422598940788	0.01294351135092236
375.0	0.020398966506659583	0.0185562633407415	0.012380635331335921	0.011795281263109766	0.01152693333813834
376.0	0.019350645090206404	0.01757067371015847	0.011546225163594824	0.010817581377739076	0.010493937231307073
377.0	0.020852103656898296	0.01907472863329922	0.013138483494445123	0.01262994699308094	0.012389261381370618
378.0	0.017887122870988537	0.016257411298335175	0.010775244734623718	0.010201302103405047	0.009941888283860043
379.0	0.01307484947507822	0.011610638684317526	0.006732787716336223	0.006349985086577624	0.006181763547664459
380.0	0.0	0.0	0.0	0.0	0.0
381.0	0.0	0.0	0.0	0.0	0.0
382.0	0.0	0.0	0.0	0.0	0.0
383.0	0.0	0.0	0.0	0.0	0.0
384.0	0.0	0.0	0.0	0.0	0.0
385.0	0.0	0.0	0.0	0.0	0.0
386.0	0.0	0.0	0.0	0.0	0.0
387.0	0.0	0.0	0.0	0.0	0.0
388.0	0.0	0.0	0.0	0.0	0.0
389.0	0.0	0.0	0.0	0.0	0.0
390.0	0.0	0.0	0.0	0.0	0.0
391.0	0.0	0.0	0.0	0.0	0.0
392.0	0.0	0.0	0.0	0.0	0.0
393.0	0.0	0.0	0.0	0.0	0.0
394.0	0.0	0.0	0.0	0.0	0.0
395.0	0.0	0.0	0.0	0.0	0.0
396.0	0.0	0.0	0.0	0.0	0.0
397.0	0.0	0.0	0.0	0.0	0.0
398.0	0.0	0.0	0.0	0.0	0.0
399.0	0.0	0.0	0.0	0.0	0.0
400.0	0.0	0.0	0.0	0.0	0.0
401.0	0.0	0.0	0.0	0.0	0.0
402.0	0.0	0.0	0.0	0.0	0.0
403.0	0.0	0.0	0.0	0.0	0.0
404.0	0.0	0.0	0.0	0.0	0.0
405.0	-0.03208219979613302	-0.03234446705624916	-0.033182653396683526	-0.033138930300221414	-0.03299380189481065
406.0	-0.03329856485236965	-0.033447604956391416	-0.03391440829351746	-0.03385709880115173	-0.03370464001545413
407.0	-0.03458946388239696	-0.03479905661326223	-0.035391912339658535	-0.0351403764711921	-0.03490331454007548
408.0	-0.036791806448007176	-0.0370291383407334	-0.037732063201106454	-0.03753562786507035	-0.03731178003041678
409.0	-0.03805081764169773	-0.0381666188685172	-0.038479991691335085	-0.038294070394315476	-0.03807264316668995
410.0	-0.03923679129559618	-0.039391869814733096	-0.039786809631483594	-0.03947421831263766	-0.03919632049525267
411.0	-0.04092501977434718	-0.04101082325334347	-0.041185070827434035	-0.0408818409740652	-0.04060301456050665
412.0	-0.041758121075036916	-0.04181756251125822	-0.04193145347702486	-0.04169705887465559	-0.041443460629775
413.0	-0.042390387379061215	-0.04247274571758638	-0.0426251603319987	-0.04229180071962843	-0.041995382476898026
414.0	-0.043667564435625236	-0.04368401360527692	-0.04362665578455648	-0.043302881761661985	-0.043007096290737526
415.0	-0.043703606093816294	-0.04380297772981406	-0.04397406282977159	-0.0435394244712609	-0.04319682486664401
416.0	-0.04538533595498664	-0.045448300737150546	-0.0455047350341114	-0.04507837715442932	-0.04473364305537672
417.0	-0.04587963047737994	-0.0458699084173966	-0.04569055859252466	-0.04526286303480191	-0.04491748087704005
418.0	-0.046205907166739	-0.04628297737597146	-0.046412851478331706	-0.046062955336044785	-0.04574559117947011
419.0	-0.0478092493142706	-0.04775329766755215	-0.04741772407077045	-0.046971197188749175	-0.046612057182550674
420.0	-0.04905933975486408	-0.04898180491095783	-0.04859242523641038	-0.048189878936367	-0.04784426148528108
421.0	-0.04903962911446065	-0.04901830713834441	-0.04881406580489591	-0.04842013209685961	-0.0480767001143796
422.0	-0.04897066157600829	-0.04892865877403334	-0.04866529346297294	-0.048293085561033997	-0.04795916857672153
423.0	-0.04978945133637245	-0.049820581352916324	-0.04979684320306356	-0.0494320735841848	-0.04909629286194998
424.0	-0.049727780161721066	-0.0497819585484205	-0.04985935311242984	-0.0495679028167433	-0.04926134157951562
425.0	-0.05007556920820136	-0.050117494414576594	-0.050149446162997185	-0.04984190860991278	-0.04952784782321233
426.0	-0.0508570637640242	-0.050940565577500166	-0.05112136817336226	-0.05085284040242521	-0.05055054157087317
427.0	-0.052574039785754305	-0.052688403799709585	-0.05293137774569419	-0.052557688064584995	-0.05220578333563017
428.0	-0.05171765217511984	-0.05183865921281872	-0.05213262344934078	-0.0518408225956946	-0.05152498863741446
429.0	-0.05137762613964241	-0.05151889263114083	-0.051893838331917394	-0.05164471116658252	-0.05134686679742782
430.0	-0.05262002432641392	-0.0527394642571841	-0.053046273755280406	-0.05280367238513813	-0.052504293138296174
431.0	-0.05206767432477745	-0.05228435085205366	-0.05286224474999042	-0.05249875586726157	-0.05215039972711101
432.0	-0.05137457014488026	-0.05156406021280023	-0.05209332965873074	-0.05183913352535192	-0.05153809195933973
433.0	-0.05209673422421303	-0.052353104916378686	-0.05307696528103944	-0.052761675263560764	-0.05243167112242869
434.0	-0.052105271263745555	-0.052376077333213575	-0.05315759138158369	-0.0528724734311692	-0.05255424575832708
435.0	-0.051721575612891035	-0.052109498463596075	-0.05326231250213755	-0.05295537302029946	-0.05262696925586383
436.0	-0.051092946265832204	-0.05149411419176028	-0.052701364059104985	-0.052426616913245586	-0.05211323891190074
437.0	-0.0514309558223098	-0.051811820702409445	-0.052929862693811176	-0.05259007853977074	-0.05224970834117796
438.0	-0.05111299868108057	-0.05156143962274206	-0.05291905044627393	-0.052636777805318245	-0.05231914846393688
439.0	-0.05079236177191309	-0.05126088193229299	-0.05263987059711621	-0.05223701203382192	-0.05187151810916439
440.0	-0.05080221530095387	-0.05131329869685784	-0.05284002257431243	-0.05246456500836117	-0.05210904575691878
441.0	-0.05058635415017009	-0.05109107096116763	-0.05261028935174996	-0.0522711843853353	-0.05193128260585535
442.0	-0.04969500046139685	-0.05026373553437899	-0.051961175744559523	-0.05154199449928807	-0.0511716443470219
443.0	-0.04919699165619238	-0.04978386293427325	-0.05152147807511415	-0.051051180142167404	-0.05066167485252356
444.0	-0.04965102675216261	-0.05023296593422895	-0.05195597927660513	-0.05148928376691175	-0.05109963454888099
445.0	-0.048732357488066494	-0.04937083214808341	-0.05126983611398038	-0.05078392677300693	-0.05038863776991265
446.0	-0.04843726031633996	-0.04909153338874146	-0.05105382857570471	-0.05060159999710431	-0.05022061508789741
447.0	-0.04790326274515512	-0.048595689265035366	-0.05064690615786592	-0.050099117747770185	-0.04968072121931829
448.0	-0.04767916072714415	-0.048390641705680096	-0.0505190704297986	-0.05001427461104764	-0.04961358749335339
449.0	-0.0464235729400063	-0.047180939569138526	-0.04941993807359036	-0.04881049885119701	-0.048371278202956475
450.0	-0.04671529920778094	-0.0474662040210464	-0.04969884345975603	-0.049129574125615166	-0.04870559437374261
451.0	-0.04554280763136209	-0.0463205151461161	-0.04861535558701539	-0.04797854394624015	-0.04753112816581356
452.0	-0.044625427773480254	-0.045436064029288264	-0.04785233824365693	-0.04725685005574115	-0.04682875394828165
453.0	-0.042968277445083386	-0.04385387436447882	-0.046476052655523355	-0.045779359840075834	-0.04531492934282633
454.0	-0.043455065867718926	-0.04432830482500162	-0.04691797423995473	-0.04624185188627121	-0.04578417059450142
455.0	-0.041928224558737036	-0.04283416393081388	-0.045530425020531076	-0.0448568656019573	-0.04440519279991928
456.0	-0.041434572810404864	-0.0423384473668751	-0.04505876763711189	-0.04447045240673339	-0.044055043021221194
457.0	-0.039784653830793486	-0.04071033215295862	-0.04347162917828873	-0.04280203416013695	-0.042359577275170576
458.0	-0.03994755797520196	-0.040857208912465616	-0.04358145371512732	-0.042952860818432415	-0.04252669803815684
459.0	-0.0387832910104539	-0.03971074015466318	-0.04246905667158554	-0.041775764135313864	-0.04132749747175973
460.0	-0.038569571894429895	-0.039448437241579135	-0.04204263153239279	-0.04133061973204431	-0.04087679224570083
461.0	-0.037030901382201935	-0.03793954615499423	-0.040632822019675545	-0.03992876787064022	-0.03948323798515361
462.0	-0.03718954796391381	-0.038073804975450695	-0.0406776358550869	-0.039944548478755046	-0.039487310282849894
463.0	-0.035477841929948586	-0.036378804340813704	-0.039052101275199515	-0.03836222764862138	-0.03792846315579537
464.0	-0.035466662511457456	-0.03633016590054433	-0.03890996194069139	-0.0382969840360375	-0.037895152703390333
465.0	-0.03383623370363304	-0.03470510447243559	-0.0372568835879721	-0.036518998447578055	-0.03607286385244021
466.0	-0.033511604402434246	-0.034359143046824026	-0.036881146280285125	-0.03625210276049914	-0.03585156772829078
467.0	-0.032999022740720974	-0.03379358826315641	-0.036119828307534095	-0.035423981997193835	-0.034999745821056055
468.0	-0.03215561993759839	-0.03296438224979724	-0.03535265377075254	-0.03470157268940426	-0.03429821665026761
469.0	-0.030508484254911945	-0.03135271144876711	-0.03382065091338933	-0.03307294843227679	-0.032636022123805564
470.0	-0.030644670479750506	-0.03138508093080945	-0.03353103730150219	-0.03282254197908212	-0.0324034104370005
471.0	-0.028992407346355862	-0.029707116836087	-0.03176499235360271	-0.031043736887310915	-0.030626325442289506
472.0	-0.028127742062925277	-0.028800483161099427	-0.03072417099403577	-0.03000800772420202	-0.029596928766753065
473.0	-0.027003878996937753	-0.02766791108693871	-0.02956952285859816	-0.028870760167448314	-0.02847114796397572
474.0	-0.02633493976007552	-0.026982844953845085	-0.02885093652359393	-0.028204175791962126	-0.02782843417206911
475.0	-0.025095822428434097	-0.025749711653919954	-0.027633041291937197	-0.026975335713069138	-0.026599719050890376
476.0	-0.024459301588118966	-0.025093855703833275	-0.026911144148560686	-0.02624420872675025	-0.025867744500043133
477.0	-0.023480584070950647	-0.024098000711168514	-0.025853001037388496	-0.025167672212386735	-0.024787907232647382
478.0	-0.022303710361393614	-0.022885868126633443	-0.024521048289967342	-0.02382058319138943	-0.023440016544676305
479.0	-0.02108904574271542	-0.021609473821679673	-0.02306124062290942	-0.022406850902514517	-0.022050930643441453
480.0	-0.020394918039922535	-0.02088289965074186	-0.022240017834623725	-0.0216147301698182	-0.02127394279205029
481.0	-0.01921861012765099	-0.019710681155549924	-0.02105801091562356	-0.020369498479831126	-0.020007578514924695
482.0	-0.018221871468847343	-0.018689721966801125	-0.020020244632730052	-0.01950259106070991	-0.019213868714299698
483.0	-0.017326886870312648	-0.017781938080814845	-0.01903246920815725	-0.018408562820125242	-0.018080715701961854
484.0	-0.016607149877807127	-0.01703813889235117	-0.01821599423590026	-0.017606880610329452	-0.017288294419579887
485.0	-0.015522185398292448	-0.0159422013970032	-0.017112118116675137	-0.016579772556451326	-0.01629648303033354
486.0	-0.01505167335604302	-0.015448956701319665	-0.016506082153658147	-0.015865558130037705	-0.015541004971553495
487.0	-0.013323314689387657	-0.013728755349784488	-0.014882246917559284	-0.014435914838737914	-0.01419594151516782
488.0	-0.012316710115652635	-0.012720676233000869	-0.013874736569748008	-0.013443595118820277	-0.013213580238021496
489.0	-0.011661393301915996	-0.012036371416951443	-0.01307500269244707	-0.012584490631988458	-0.012333728439995558
490.0	-0.010686643020464877	-0.011061130775674126	-0.012116889091932577	-0.011678540268029648	-0.011452490488009694
491.0	-0.00975183349799739	-0.010121808768788883	-0.011149267075304791	-0.010673438090319037	-0.010435925421961652
492.0	-0.009139079229036475	-0.009460587241857256	-0.01037497195700973	-0.010020745019384762	-0.009835718119050148
493.0	-0.008577061966014323	-0.008930093556940832	-0.009913865818066468	-0.0094694415629211	-0.009249430019482353
494.0	-0.007561756692297714	-0.007883680486635233	-0.008820566291293009	-0.008525496594363982	-0.008370254208996942
495.0	-0.006607862828886269	-0.006921045717793269	-0.0077948623283245625	-0.007404020995005927	-0.00721400156216946
496.0	-0.006427968180984726	-0.006715483616747127	-0.00752875109701179	-0.007200403676773236	-0.007036866252762388
497.0	-0.0055353540322102025	-0.005855725624926063	-0.006748290506046949	-0.006345355646038147	-0.006154339933201828
498.0	-0.00497190334951133	-0.0052664900180059235	-0.006114719271084935	-0.005820333940141182	-0.005675809753760029
499.0	-0.004212870796344307	-0.004496177591119901	-0.005303894763213856	-0.004998793736514805	-0.0048530911619260025
500.0	-0.003862701709254041	-0.0041373684090423146	-0.00491584174122536	-0.004607382549439253	-0.004461858266388126
501.0	-0.002998928478296877	-0.003257476940247508	-0.003986208288273506	-0.0036848827420837933	-0.0035458850366691112
502.0	-0.0024955692001536593	-0.0027329794383001587	-0.0034094281342198916	-0.0031530255964723674	-0.0030345418475093353
503.0	-0.00230201973891447	-0.0025430147070351736	-0.0032105452605510907	-0.0028974453689333242	-0.00275675978135256
504.0	-0.0017297328136817941	-0.0019426579599964037	-0.002527326239846075	-0.0022366788989583533	-0.0021078807724758944
505.0	-0.0011365471534188546	-0.001360798995261699	-0.0019715298529760206	-0.0016517616601212678	-0.0015131957361534357
506.0	-0.0009237848240260218	-0.0010945442610159036	-0.0015657802701297351	-0.0013393789026080035	-0.00124053222982279
507.0	-0.00013706416876141915	-0.000316223308609859	-0.0007787881389791594	-0.00045348666672234255	-0.00031755643930834185
508.0	0.00018801396602791755	2.3267416875050372e-05	-0.00039824266543300567	-8.860729124090735e-05	3.943400172638195e-05
509.0	0.0006609668131257128	0.0005241509190619201	0.00018388238853029343	0.00046786919590465046	0.0005831137256945668
510.0	0.0009706536272383638	0.0008488769041946199	0.00054990761301789	0.0008132986171690012	0.000918710769625585
511.0	0.0013863471880153362	0.0012769612368057999	0.0010247584545241173	0.0013063547434383712	0.0014172330611064731
512.0	0.0017325039246570452	0.0016476024022962115	0.0014777640851264754	0.0017677371418275598	0.0018800913953462197
513.0	0.001900878205133468	0.0018115086234078502	0.0016452687767717314	0.001985146944924978	0.0021170825527041413
514.0	0.0022994483339583726	0.0022446933120366967	0.0021549335189784574	0.0023961555342748137	0.002485995332002058
515.0	0.0027737962218835	0.0027258143729941174	0.002672767677111295	0.002954679474024135	0.0030589598699498474
516.0	0.00311331794462124	0.003083115062621667	0.0030893249355156854	0.0033757592813129737	0.0034801497782446338
517.0	0.0037050736581682848	0.0036910245891393313	0.003747546536950602	0.004028216278451126	0.004127658344494984
518.0	0.003503164005398547	0.003503931924432789	0.0036024782150983273	0.003866756271255655	0.00395999757103675
519.0	0.0038269450314363765	0.003859179477196906	0.0040547428091410685	0.004305398091641599	0.004391166291836444
520.0	0.004062870967796356	0.0040882719210592975	0.0042646338847333945	0.0045232885343177084	0.004611554284969264
521.0	0.004460576248942975	0.004489361059573573	0.004681702814684912	0.004954087208357482	0.005046301463882642
522.0	0.004539588868911698	0.004605275395611201	0.004906583934323712	0.005149816021116169	0.005229092565101554
523.0	0.004812079762374109	0.004896154180968703	0.005230257709528663	0.005399391722994459	0.00544733669983199
524.0	0.004954537743993732	0.005072111627440593	0.005491761780338341	0.005597410308068342	0.005618425709767661
525.0	0.00554695703585788	0.005633608011932072	0.006007196104374217	0.006262168642104571	0.006341864382257527
526.0	0.005414874159667529	0.0055355458553607	0.005999119282184562	0.006198326956214077	0.006255228416114118
527.0	0.00573742321601686	0.005872731534156041	0.0064021712881412625	0.006652337100676864	0.006728199931880457
528.0	0.005851969540090307	0.006004087809907714	0.006578306145431786	0.006801718848946779	0.006865962403925701
529.0	0.006370136301211289	0.006512156361654032	0.007063373910965313	0.007313403577064932	0.007386659611603152
530.0	0.006439046243968964	0.0065971594580458365	0.007190338260777995	0.007412260882313575	0.007473541767171837
531.0	0.006613730600340563	0.006808527583993236	0.007529632303898062	0.007776757529475268	0.007846646900183378
532.0	0.006544386985278516	0.006735764127933443	0.007459576295370744	0.007744850010882578	0.007830455877950539
533.0	0.006894120304759704	0.007104904639778703	0.007872948502438328	0.008106597260487897	0.008169610702267436
534.0	0.006938145241148781	0.007208154032859506	0.008162936047433903	0.008382621937719438	0.00843841054245564
535.0	0.007295762833715761	0.007539895213008782	0.008397758200594038	0.008580990086566292	0.008621364714537911
536.0	0.00724957602141417	0.00754004187066319	0.008525589607536374	0.008647015119488259	0.00866153887266102
537.0	0.007685171953555748	0.007979197191135764	0.008994007266726368	0.009164314939934776	0.00919680448055775
538.0	0.007813929955914367	0.008116253137549483	0.00915030860884895	0.009299473147270795	0.009322756118865596
539.0	0.007722347571759448	0.008046780652073917	0.009176347001841414	0.00939169865803267	0.009441462863016826
540.0	0.007821092486579093	0.008164946763864062	0.009355691845499154	0.009566271531633808	0.009613270269314207
541.0	0.008000284833645899	0.008354939168163045	0.009562934168846272	0.009724419312299164	0.00975069749894715
542.0	0.00829739329894088	0.00868162972083008	0.010000955375173618	0.010205299472379555	0.010247010125489231
543.0	0.008355209441754148	0.008733351127907667	0.010011327276051482	0.01015586361886358	0.010173403826184426
544.0	0.008560903014487684	0.008956473198034855	0.010296169960111715	0.010455238146296826	0.010477435606559664
545.0	0.008631391425012076	0.009040044274898379	0.010436294412217693	0.010634582095330119	0.010672000412602009
546.0	0.008753562828378648	0.009168335779106668	0.01056055495865227	0.010692825666569303	0.010703033087706364
547.0	0.008743039908994537	0.009192757569048601	0.010700134334815174	0.01083794202383343	0.01084957523228448
548.0	0.00846635804425551	0.008929446006402945	0.010482222457206945	0.010625963140343551	0.010640708675114567
549.0	0.008752063275468064	0.009247554090627117	0.010895626064485589	0.011012611066752172	0.011014712770550508
550.0	0.008698324532710544	0.00920782977837322	0.010916060702757984	0.011073943205932253	0.011092388563678727
551.0	0.008938117877857135	0.0094328295129377	0.01110158086993483	0.011282669191222647	0.011309917419332557
552.0	0.009004934513024589	0.009546773799166403	0.011352984494369611	0.011492143892081256	0.011501104848607002
553.0	0.009172032986335966	0.009716977978189247	0.01154002508329809	0.01169786898173638	0.011713652637772003
554.0	0.008952589653191628	0.009533189564131298	0.011470992692738043	0.011626986614190142	0.011641991363386311
555.0	0.009171612223465265	0.009723263615477547	0.011572184801375566	0.011741528768927912	0.01176178577326767
556.0	0.009239514936593729	0.009864732434759901	0.011939777043328494	0.012075632296587903	0.012080359533792266
557.0	0.009420303342492949	0.010013842449481208	0.011998900934283728	0.01216951891789254	0.012188337050296844
558.0	0.0095871566740793	0.010204043510225861	0.012262404235575702	0.012426586890156356	0.012441617118818126
559.0	0.009649814097141564	0.010314973110750096	0.01251828908454422	0.01265102704260228	0.012651982638945368
560.0	0.009243807048337981	0.009944128139981186	0.01225760794639001	0.012380284076650164	0.012377868339388549
561.0	0.009689423468832144	0.010359392672079953	0.012576983249689817	0.012706104600610588	0.012705336966267397
562.0	0.009763521552115184	0.010449609723984213	0.012724008945730657	0.012865858408164305	0.012869549892024774
563.0	0.009816572111418585	0.010552533953089404	0.012983269390668373	0.013110813810288825	0.013107334622554678
564.0	0.010106600477104618	0.010799963841579413	0.013104675769106745	0.013265068169993253	0.013274759837911976
565.0	0.01028435636787448	0.011054528875278698	0.013611437396305229	0.013781368092423963	0.01379237436550517
566.0	0.009946944133693373	0.010711981487995126	0.013260188350684975	0.013452182624357992	0.01347347791475944
567.0	0.010192200016205544	0.010982685070949903	0.013600017830992975	0.01375518357373566	0.01376009715489475
568.0	0.009921983727613968	0.010732931054984168	0.013410070471680852	0.013547494444327504	0.01354578470239377
569.0	0.010264045124811062	0.011058361833589946	0.01368818091464954	0.013843535148928877	0.013848160676782333
570.0	0.010407620867170935	0.011233911893536178	0.013958147476526924	0.014088210879266858	0.014081329992467835
571.0	0.010583437544238957	0.011390462289844378	0.014068268716490024	0.014242402617155316	0.014253081793485972
572.0	0.01016091020312073	0.010996715344286232	0.013769473914054534	0.013948636950984626	0.013962242406626123
573.0	0.010003708167951155	0.010828733301359424	0.013563096283501302	0.013732675536509576	0.01374327363049728
574.0	0.010073938867960671	0.010896666515387586	0.013599122635652133	0.01370099605413294	0.013684102461538407
575.0	0.010080922681895005	0.010898940705496216	0.013606793004595134	0.013765773483241109	0.013771978642994707
576.0	0.009690826163361263	0.010591892845448215	0.013539184607553462	0.013616760906098441	0.013589629256288208
577.0	0.01011444631716474	0.010953380684691254	0.013735645274246236	0.013913092961401552	0.013926107028004158
578.0	0.010570701592912776	0.0113993349763892	0.014140700325979437	0.014297098575689046	0.014300156722471587
579.0	0.010417688842824837	0.01129211754157371	0.014198662433333202	0.014401830179261289	0.014423204466801134
580.0	0.00993281264184022	0.01089707510210705	0.014042707645409477	0.014102762879452025	0.014066128921898308
581.0	0.010469853127058469	0.011429922151426915	0.014600661911980244	0.014767506390604748	0.014771976177461909
582.0	0.010341835580042322	0.011251803843667195	0.014233960618358427	0.014327978824462963	0.014304798429982203
583.0	0.01045149607179395	0.011354308021008935	0.01430629326709248	0.014380909852283092	0.014349670491642541
584.0	0.010240089832758509	0.011199276549552491	0.014330298439540956	0.014395278020460246	0.014359590550105224
585.0	0.010103617746845504	0.01099540632038121	0.013919230818172012	0.01401483110067496	0.013993627545261851
586.0	0.010335008474174163	0.011252790455018208	0.014240797273267249	0.01428101266764862	0.014235989305609136
587.0	0.01009855124079425	0.010985279210841643	0.013876400333888868	0.013926871360577197	0.013887624532113781
588.0	0.009477458237701766	0.0104376868117323	0.013538576239582501	0.013511186948211676	0.013441134634336063
589.0	0.009532864294075695	0.010439254245557127	0.013391240166923583	0.013434184796623071	0.0133935662042396
590.0	0.010153902436292588	0.010999693504488452	0.013756226473105915	0.013801068262994457	0.013760334076566613
591.0	0.010252714926901156	0.011160157894137983	0.014102548958273474	0.014109228820401967	0.01405125318451049
592.0	0.00938828004252981	0.010281955766106708	0.01318818381670518	0.013218499853586169	0.013173646117753275
593.0	0.009683458934528266	0.010599508032464625	0.013557069496033086	0.013528858502492355	0.013458765466459527
594.0	0.00978647360740932	0.010718052133966476	0.01371019230181118	0.013638489194023355	0.013550106435624196
595.0	0.009408249843954155	0.010278332327604674	0.013091918780351267	0.01307729962432427	0.013014834435440745
596.0	0.009570992814358104	0.01037615466232766	0.013028401961135819	0.013148936503998662	0.01314188671353962
597.0	0.009617151899617798	0.010434817876145686	0.01310921055042146	0.013178982490949778	0.013151001235217386
598.0	0.009463882916834065	0.010370166101291158	0.013263946174436724	0.013146875439215056	0.013042041920302705
599.0	0.009601766571792012	0.010531995430395532	0.013503956249015084	0.013388600367280986	0.013283358004945265
600.0	0.00915201586767268	0.010017195155187616	0.012787006469762024	0.012695325515385887	0.012602894666602662
601.0	0.009697000463737348	0.010591861169768957	0.01347760464610409	0.01344051994333735	0.013367312515458776
602.0	0.00976244198114112	0.010550324157074983	0.013095068662271345	0.013072941196794289	0.013008100703148548
603.0	0.00988381585774568	0.010616113374990464	0.013026046497565492	0.013128844631950222	0.01311522860221995
604.0	0.009013930472344988	0.00991720868754885	0.012776009008941155	0.01258928145802005	0.012458151838602279
605.0	0.009172000891366541	0.010020578136925697	0.012700768670092066	0.012509888427358062	0.012377811333283644
606.0	0.009454160257299235	0.01028147968640191	0.012934660541201144	0.012859360637614677	0.01277330495585534
607.0	0.009205857841067297	0.010054119981471096	0.012757167664505423	0.012632319827783175	0.012526730177582046
608.0	0.009434992569897148	0.01016022385293412	0.012500068937384309	0.012472475369873722	0.012408184125923816
609.0	0.009311481133443444	0.010056207309059624	0.0124061425247368	0.012231894255307218	0.012108503667806712
610.0	0.008869434307499003	0.009664471010069405	0.012174012175483178	0.011990791825845443	0.011864238793402506
611.0	0.008899524062549735	0.00964243985811472	0.012008854538795972	0.011896572413361181	0.011799750680193701
612.0	0.0087313046730827	0.00958054225537534	0.012187124499023306	0.011786905595750217	0.0115721241388764
613.0	0.008840034925749644	0.009572180222145748	0.01189840697867934	0.011771458426956162	0.011669212015198795
614.0	0.008732463511044989	0.00941597741925813	0.011611759752002576	0.011559629158654564	0.011489112910805607
615.0	0.009333810999431306	0.010052795486262523	0.012338620825855129	0.012217599859939629	0.012116195345508469
616.0	0.008850705784581796	0.00948008201987385	0.01146512556933101	0.011314942966707795	0.0112057794051561
617.0	0.008164006631819097	0.008843398249131152	0.011038258754604608	0.011020733021175427	0.010966407401200876
618.0	0.008985872626989065	0.009627872049596847	0.01171212047632694	0.011723222363571782	0.011678232464823485
619.0	0.008619279696568507	0.009095670052718222	0.010688150696493356	0.010822503682462042	0.010832567205514072
620.0	0.008128266312630528	0.008920737516757177	0.011387895902967626	0.011110723953406143	0.010949174492942075
621.0	0.008407240914176994	0.009018265918428418	0.010954680127433157	0.010834538401416571	0.010739598448483448
622.0	0.008071137127619242	0.008769710075525683	0.010941018804091457	0.010686579546666141	0.01053667673276237
623.0	0.008245038232626291	0.008913737136422987	0.011037294030056393	0.010918280644510472	0.01082301321835749
624.0	0.008271963975751506	0.00906763705245563	0.011449279053182135	0.010906827737069968	0.010637764064438483
625.0	0.008126630664293316	0.00872856773001256	0.010594318042954862	0.010360231555013404	0.010220657252400423
626.0	0.008926145725199014	0.009484309271384007	0.01123990434875315	0.011092875421954066	0.01098641986462465
627.0	0.008729505084121212	0.009337641327681667	0.011211923765034775	0.010945666226775811	0.010790701783790876
628.0	0.00843471703770635	0.008952861884279554	0.01058264286485865	0.010446252516902387	0.010346907570210742
629.0	0.008006769974916181	0.008513007230985166	0.010121173364258945	0.01003182542183734	0.00995334039772523
630.0	0.008431134192239138	0.008929064730420239	0.010524846306609359	0.010475472163192135	0.01041169269144601
631.0	0.007848554560212603	0.008289607798777108	0.00972724467984943	0.0097501200689021	0.009719029235855148
632.0	0.008393983502504402	0.008990425307400799	0.010833458725888954	0.01058564824460394	0.010439667029726186
633.0	0.0073010464997916545	0.00786870377372764	0.009661433261258954	0.009532746714644547	0.00943959027194798
634.0	0.007362546412839438	0.007915767693814336	0.009575704339319698	0.009208984715681006	0.009020029911510056
635.0	0.008217781332124677	0.008752480408861084	0.010400203114525478	0.010165253305288342	0.010026612904484453
636.0	0.007143229118401372	0.007765339321324822	0.009654952734942523	0.009306583372140735	0.009124185145137525
637.0	0.007714070148594223	0.008177105102203378	0.009621485680584154	0.009466180125553577	0.009363267783303769
638.0	0.008378927176214463	0.008822606949770582	0.010199727645601186	0.01003147102657072	0.009921297111032502
639.0	0.0076378021884296815	0.007994711606553717	0.009159976978335966	0.009183219185353926	0.009155107000097754
640.0	0.006760681708194951	0.007145089760337068	0.008414035873215774	0.008478116701225794	0.00846910809281561
641.0	0.007805703238641131	0.008162941490319885	0.009313109800953482	0.00929157918653364	0.009244783756757222
642.0	0.00753393745895971	0.007907337133595729	0.009100721942547182	0.009054083613371252	0.008997806620854356
643.0	0.008091808882868621	0.008511697624874744	0.009829334493183779	0.00970975512077149	0.009620855384933333
644.0	0.007944122649697006	0.008338173610147787	0.009558430452707671	0.009400981727696347	0.009298005194386696
645.0	0.007359332403706226	0.007784420568212349	0.009099100357129837	0.008925068962584916	0.00881686850835995
646.0	0.008147718137092766	0.008384484388121621	0.009154207894199955	0.009159273378699446	0.009124816507469238
647.0	0.00782014362232326	0.00821097973552726	0.009408507047022284	0.009217033218699194	0.009100892291166427
648.0	0.007366885761969532	0.00768807573153894	0.008716336415846767	0.008680665589521033	0.00863070146145061
649.0	0.007991501675089155	0.008303243988420354	0.009329612951481782	0.009373077302238996	0.009352870048880073
650.0	0.008020833224556172	0.008234364430793676	0.008938719649071824	0.00897114051495112	0.008948747584925972
651.0	0.00742799855827028	0.007803818422462311	0.00899124543764585	0.008906493244307789	0.008835199888033267
652.0	0.007509311176729024	0.007788880765524539	0.008684077455533134	0.008653079701704092	0.008605467188899152
653.0	0.006609208831982991	0.006948191744698077	0.008027901178763203	0.007975477852315446	0.007921194616368522
654.0	0.007437642565198578	0.007661596371287299	0.008400750413846185	0.008436309110633176	0.008417131103173808
655.0	0.006329770827925708	0.006614982702574621	0.007537236717918033	0.0075310234016986635	0.007497716182160049
656.0	0.0065958651176343955	0.006815757198042421	0.0075519573924618145	0.007616069138636767	0.007611673997732804
657.0	0.007050693184092995	0.00735983715188542	0.008311575536036982	0.008172265070434889	0.008082024954493672
658.0	0.007192854350975548	0.007504611780697337	0.008519864675792604	0.008532771414403957	0.008503266958889866
659.0	0.007177173054139357	0.007440127027196137	0.008249677417230757	0.00813073895168841	0.008049347049821364
660.0	0.007152728009361092	0.00736440676889504	0.008030687258760466	0.007974737704256916	0.007920059448504903
661.0	0.006685116301069451	0.006970668609686394	0.00783894944172019	0.007680250103606574	0.007584148490605367
662.0	0.006880108781868036	0.007154247606948951	0.008004364923760056	0.007897575107158349	0.007821929955093888
663.0	0.0073440682645046496	0.007575528867763343	0.008311031396710284	0.008269289982727253	0.008219135842071488
664.0	0.006609968903403075	0.006915046460631856	0.007830762293261082	0.007628414100228374	0.007514535855266741
665.0	0.006387449886820143	0.006711777731575494	0.007651673515668357	0.007343874882182019	0.007187880357267249
666.0	0.007416503692956391	0.007675558562914627	0.008450638528475106	0.008271180035434986	0.008164592038239443
667.0	0.005577314779666919	0.00584272470854654	0.006643751814786092	0.006479891343890255	0.0063863811000476195
668.0	0.0052291728141642645	0.005572071452616051	0.006572853841745343	0.006267604199692184	0.006116562256173244
669.0	0.006963918736642328	0.007180543078575499	0.007854190083188712	0.007774396191400778	0.0077107033757907424
670.0	0.006109459376158883	0.006290139686769683	0.006880065069622708	0.006890990543402226	0.006867949366181679
671.0	0.006474748003723945	0.006765830017254085	0.007622333577831165	0.0073816142296782294	0.007253123523619388
672.0	0.006150785328315537	0.006521285488603596	0.007595438587486301	0.007245534598506781	0.0070723509969763156
673.0	0.005843932115746198	0.0060725586194465345	0.0067772884587136446	0.006676424399482898	0.006608181083883251
674.0	0.005950315908587498	0.006204117553649978	0.00699121283202345	0.006892639217488974	0.006824308228254195
675.0	0.006038232905781985	0.006243627228620966	0.006887935547754356	0.006827953363022086	0.006776011355562633
676.0	0.00604723972216783	0.00629291807004494	0.0070682422040377136	0.007009829588587029	0.006957511821938031
677.0	0.006140046006179937	0.006339349915182178	0.006947285611155965	0.006841205304202054	0.006770450862180756
678.0	0.006135098999459191	0.006319482054691444	0.00689938686246213	0.006849419282659719	0.006801654928424262
679.0	0.005776503282776402	0.005867678836075159	0.006164770982902642	0.0061675326998226225	0.00614462396626526
680.0	0.00586235024787616	0.005967492284942593	0.006283129295188255	0.006212054842339479	0.006158731914483373
681.0	0.005568286856265146	0.005813911246625076	0.006537428869809246	0.00633639568705455	0.006228419310130701
682.0	0.0064581773009943335	0.006575410181397528	0.006883677678463392	0.006683679125609063	0.006575863646265915
683.0	0.005941535302543189	0.006136012932746139	0.006743266333985409	0.006678608348975119	0.006625411440045406
684.0	0.005605883722997597	0.0058559786947992125	0.006593973279849063	0.006392925893040725	0.006284693683913874
685.0	0.00617577724387995	0.00637379472368733	0.0069944792413393336	0.006935170624190595	0.006883158950034421
686.0	0.006361557244604254	0.006525868713879206	0.007015715394260783	0.006896331236298804	0.0068202256498143665
687.0	0.006068533736774372	0.006272812513184343	0.006892869922372388	0.006775788273655941	0.0067007506299898885
688.0	0.005789108099492609	0.005971697303271586	0.006490039597199693	0.006285995928403027	0.006177496879285708
689.0	0.00591809138771676	0.006096620795369748	0.006617806430682059	0.006457938406545656	0.006366850926975798
690.0	0.005756830437773354	0.0058742992829861115	0.006235308185392484	0.006179366657209294	0.006132241950639325
691.0	0.0059635759435674425	0.006157387139823814	0.006723423625659228	0.006550718196100919	0.006453916547419448
692.0	0.005313663560966682	0.005535983347403001	0.00617297951766225	0.005941466257276536	0.005822733202507459
693.0	0.005165792367318798	0.005324884286819029	0.005798774388636414	0.005682491940293308	0.0056122785639389
694.0	0.005691051873285176	0.00585688695290287	0.006347739912443247	0.006217765360077088	0.006139887896925364
695.0	0.005763848117921874	0.005894428022701567	0.00625809344811391	0.006092062044133619	0.006000233156083688
696.0	0.0051639030797571445	0.005330596901326468	0.005793214828842306	0.005577664016767564	0.005467273845866009
697.0	0.005618235647335299	0.005744826253583071	0.006090086861047231	0.0059089382184255015	0.005811664275692323
698.0	0.005704952774374449	0.005834992404744162	0.006187681110189423	0.005996150845045585	0.005894282716494032
699.0	0.005380266683376112	0.005499387650158365	0.0058494389360419195	0.005748543597223974	0.005684687044857532
700.0	0.005579665643457962	0.005746546823710601	0.006216807822121899	0.006020550558183501	0.005916359924782457
701.0	0.0054116272336322165	0.005564282543450448	0.0059928377864211305	0.005808709502332025	0.005710384903349852
702.0	0.005221581480045831	0.005364384308375762	0.005780625413139896	0.005650761278866226	0.005575258394697177
703.0	0.005652148685496885	0.005750781325641177	0.006043835139976479	0.005968684578634986	0.005914670492473945
704.0	0.005300902139680789	0.005394032839609227	0.005658321732895346	0.005553029867719087	0.005488330011756151
705.0	0.005626028439638588	0.005788199223463683	0.006237624188350099	0.00602590548883874	0.005915423495043674
706.0	0.005371818674289073	0.005468997720415284	0.0057660093165369155	0.0057149400842542285	0.005671723446756513
707.0	0.005450743137002465	0.005569074592809097	0.005887393939941786	0.005705769658433447	0.005609136374730345
708.0	0.005200732290567049	0.005312023320949781	0.005614749594302573	0.005453156777696377	0.0053657096524259325
709.0	0.005114478802444817	0.0052516729817042584	0.005634567055342863	0.005462743659487963	0.005370873471160746
710.0	0.005781409471413999	0.005878413777412967	0.006136611671702714	0.005979580459404844	0.005892123831533146
711.0	0.005251448013168043	0.005319715656555242	0.005507527790915589	0.005413415297866812	0.005354008206561721
712.0	0.005384898941553002	0.005464324554908491	0.005656613739822727	0.005474889249872095	0.005379405136830391
713.0	0.005257869969292494	0.0053159413354420945	0.0054532405047222655	0.005310731977170831	0.005232046075278784
714.0	0.005240997750518923	0.005296682214473368	0.005443508147919342	0.005348737270508773	0.0052894086545223745
715.0	0.00547353422528618	0.0054949119066502496	0.005540254209816433	0.005471964773980188	0.005423258237315298
716.0	0.005307836868463951	0.005328955014409992	0.0053689617118941125	0.005288305904344327	0.005235248430773142
717.0	0.005604856686416794	0.005637840836117585	0.005711975905614985	0.005619316432296506	0.005560013352976987
718.0	0.00535144132763388	0.005428517919574634	0.005626753404065542	0.005482530311113136	0.005402340519145447
719.0	0.005507783821158727	0.005546574966066916	0.005637609037787476	0.005539719486237122	0.0054785351437987035
720.0	0.005202449514038076	0.005274192640785063	0.005455209238206931	0.005311190246456373	0.005231774388287744
721.0	0.005183168750122579	0.0052806612542918244	0.00552809340504294	0.005337154599152279	0.005238282562908205
722.0	0.0055734637398000214	0.00559825240211894	0.005638764889566954	0.005526523307653427	0.005459646394719567
723.0	0.0056460084133888614	0.005676602651436612	0.005729079645692851	0.005597902598303669	0.005522981274102329
724.0	0.00505402212286511	0.005082307944024011	0.005130013924884209	0.00500655753998506	0.004937038882560188
725.0	0.00528948145514303	0.005281009426317002	0.005198365675864687	0.005043498802206664	0.004961322962460638
726.0	0.004927242394943242	0.004986646882359112	0.005147757477752823	0.005059306299145583	0.00500361922569644
727.0	0.005291889316548347	0.0053025309419858085	0.00529371157430183	0.0051718450019013675	0.00510249527734995
728.0	0.004876948795337946	0.004936965354697051	0.0050957079242403445	0.004995244877066549	0.004934892779285618
729.0	0.005343244464385222	0.00535098687523127	0.00534970093624944	0.005274619332654316	0.0052239977208881645
730.0	0.004724137805246708	0.004781735174008253	0.004910592232664379	0.00474919543647969	0.004664925782404895
731.0	0.005400606451115372	0.005453346914246749	0.005585588789983304	0.005476782062127002	0.005411266100638359
732.0	0.004845828201126636	0.004918925741530722	0.0050923553472754	0.004915364263295445	0.004823976462307599
733.0	0.005198118606282271	0.005229822355926951	0.005274622069219204	0.005112453933784445	0.005026709535005152
734.0	0.00500834256749087	0.005033720373188851	0.005093040260564725	0.005027773964424293	0.004981945794440813
735.0	0.00524783646724043	0.005214813295735674	0.005075268928409706	0.0049829328633494985	0.004926704763408398
736.0	0.004657645907174785	0.0046447831731119705	0.004581863258870294	0.004521137985339059	0.004479388904513422
737.0	0.005446807070076615	0.0054747041108659	0.005506929076847993	0.005343973874677723	0.005257065142468183
738.0	0.005234221301071611	0.005232936132185787	0.005214206918643704	0.0051717804613481706	0.005134947283138126
739.0	0.005170331887348465	0.005187528456026805	0.005211687871695292	0.0051223791975772434	0.005066449223794657
740.0	0.005096246434819213	0.005175925779319963	0.005343152355012252	0.005089948568653701	0.004966745986202356
741.0	0.005329100321841326	0.0053373054849017824	0.005300952510108046	0.005124734958535035	0.00503340294283962
742.0	0.00511100387042321	0.005123143504259587	0.005142141910880772	0.0050838765365027565	0.005040801792991951
743.0	0.005234069044170988	0.005237578533443234	0.005203770318139076	0.005076689284191622	0.0050056292507089754
744.0	0.004915282178053076	0.004926485186365057	0.004914745950734968	0.004779928017113597	0.0047067683443046725
745.0	0.0049415300160258685	0.004960478996576743	0.004967905335380709	0.004816709212401433	0.0047366635086206746
746.0	0.004967823294019258	0.004983080714075059	0.004981678637544544	0.00483911715867418	0.004762540746131125
747.0	0.005137312418366043	0.0051352058557664615	0.005071833165076947	0.004913317666719515	0.004830092390084551
748.0	0.0049160567621415975	0.0049404238596854055	0.004970192552415527	0.004832276885117998	0.004757547707578763
749.0	0.004944631917889857	0.004932370239535487	0.004848830579999015	0.004725569731595407	0.004657523579735768
750.0	0.004864820727818615	0.004872139669412422	0.004852202844261724	0.004729519974788067	0.004661534626052519
751.0	0.004882372614634021	0.004871654556217188	0.004795893774191255	0.004680348856060784	0.004615609641451218
752.0	0.004616432260746092	0.004604006789024794	0.004521722639122463	0.004403535344639271	0.004338777078866105
753.0	0.0046401124741722675	0.004668726123255382	0.004701031273147869	0.0045322078030935724	0.004445963844653686
754.0	0.004961262818778095	0.0049503744276684376	0.004876890757288906	0.004769137952865855	0.004707244730364858
755.0	0.004838633715102041	0.004819222486251388	0.004711818190284132	0.004586628096551505	0.00451837778955185
756.0	0.004879177209825086	0.004858238055208152	0.004755476954947804	0.004656799168648199	0.004599115796242959
757.0	0.005049764132873386	0.005024592023699307	0.004893289467765113	0.004753509714133585	0.004678722439219254
758.0	0.004807739576321973	0.004782601681146467	0.004665096740879521	0.004563273881455973	0.00450469454905986
759.0	0.004815005810521779	0.004797616004522163	0.004699837886508498	0.004583178042074389	0.004518405343857614
760.0	0.00474787679969942	0.0047397562492418515	0.004660443954478832	0.004511864443873723	0.004434259118475859
761.0	0.004837661623903317	0.004817269989424416	0.004714206128792047	0.004609803694954649	0.004549957136210765
762.0	0.004820179695621825	0.00480758957318804	0.004722799689128505	0.004599073213429165	0.004531317410329465
763.0	0.004936453020102564	0.0049227575096147565	0.004826092032261694	0.0046793707226104155	0.004601936765262913
764.0	0.0047599108109023175	0.004758217539891859	0.004699973925772	0.004552097546799048	0.0044745746651499545
765.0	0.004762609851226301	0.004736887503408301	0.004611615557235706	0.004493562133028863	0.004428627289719385
766.0	0.004693255138495931	0.004671431037238113	0.004558733453845931	0.004440573092578771	0.004375762825029494
767.0	0.004907372347288353	0.004875356129731312	0.004730334101600982	0.004613966037709305	0.004549315777319034
768.0	0.004725148989861514	0.004698173590816961	0.004564809917169175	0.004435613213753898	0.00436635998153518
769.0	0.00484406766196106	0.004839316090106823	0.004773274771977973	0.004631188386117505	0.00455575469345825
770.0	0.004825743190426236	0.004806874654297524	0.004692621891138206	0.00454363303596325	0.004465828601767242
771.0	0.0048244304887035076	0.0048216774415835864	0.0047524758829024525	0.004583755459297512	0.004497615441520365
772.0	0.004905772469037838	0.004882261590670939	0.00476267656491543	0.00464048707147854	0.004573291427315024
773.0	0.004717831215938066	0.004707782175165894	0.004622695503292363	0.004475429451879808	0.004398513496641542
774.0	0.004950470353710783	0.004927482504190601	0.004790193401064458	0.004614330755287111	0.004525326103147139
775.0	0.005061057299098776	0.005044308696056962	0.004931938299608873	0.004769072176888724	0.004684735912150484
776.0	0.005019851131714838	0.005000412309073884	0.004869658841119845	0.004680057325614768	0.004585168745506095
777.0	0.004898602872056405	0.0048722840789206644	0.004720099657193749	0.004532892159983013	0.00443959255658517
778.0	0.005093382795007458	0.005046910246317687	0.004835507751354926	0.0046649374238759336	0.004578093492331268
779.0	0.0049702658920323245	0.004915934066666385	0.004689003030086606	0.004545925390324768	0.004470814660372805
780.0	0.005075032964726774	0.0050423636379365085	0.00488129864534664	0.004726336660309369	0.0046455175919375424
