	0	1	2
335.0	1521500788343.051	2089921700502.0322	2159833664989.8914
336.0	1453546115203.3242	1882853553907.7275	1982501682502.12
337.0	1462070438685.1233	1945927415191.312	2029974582488.3896
338.0	1519587750606.8093	1957123233173.353	2052599898551.9932
339.0	1526955287735.3953	2027054897493.358	2116077208796.1743
340.0	1550384360805.1497	1940291756752.8625	2059785610701.548
341.0	1423639987255.1575	1838329690981.7996	1923634992240.635
342.0	1512846339788.6233	1882722873535.197	1969048452521.3584
343.0	1403572283129.7825	1813173033657.0203	1898838497082.6943
344.0	1367164338666.8318	1753867040893.6582	1790680837550.6284
345.0	1456606367207.1494	1738728381560.056	1799426180601.3567
346.0	1416997152150.3682	1685144535056.9805	1756387209444.082
347.0	1362367511874.1829	1627714860263.6235	1664854171684.9978
348.0	1330116463023.9395	1541662249842.579	1572129750906.1716
349.0	1454895351978.145	1566766501266.1118	1618897193662.5793
350.0	1486490772081.6416	1563164889534.8457	1621080480374.0776
351.0	1408300418169.9487	1431864028853.5923	1487562843976.995
352.0	1453465817477.9524	1421953824169.683	1470694677161.7417
353.0	1499496913117.0996	1457268220824.984	1489272627045.8162
354.0	1136077722627.4653	1049857242415.4921	1069455168212.0537
355.0	1305843309691.0671	1197737251420.953	1213171351624.6982
356.0	1433268728027.509	1206613143656.3542	1259711368499.5537
357.0	1196832394763.912	1045047242843.2871	1054228187106.2578
358.0	1183745888877.0237	961680725218.9811	980702622430.0355
359.0	1398425185839.7278	1140377766314.3867	1150027527994.7087
360.0	1469306240527.9268	1259054104992.9895	1283966163826.4558
361.0	1376850020317.5247	1066822967775.0149	1032620850608.3787
362.0	1051446536319.0209	794422619834.3552	734148276567.2704
363.0	1386628066060.8052	1012133893720.2579	962960348831.6224
364.0	1176208684525.4976	870076793762.5823	773546337200.5946
365.0	1498021270505.7695	1060367766358.7783	968376627652.5568
366.0	1405511489186.3303	963762632632.6978	853494535529.433
367.0	1324317781618.6567	868536331003.6763	792966802377.7732
368.0	1265884191323.2424	839520512918.7307	742765882668.5957
369.0	1539195004774.7651	1005198402402.2974	929284440482.07
370.0	1424564264800.7383	891124010134.8146	804642604294.7323
371.0	1459828220690.7986	949266191248.9958	870484047453.6747
372.0	1350336916079.2864	884134674184.5098	803565308971.6422
373.0	1438289420813.5513	911975913719.6855	848838499651.8223
374.0	1357409748717.5186	850912632407.3586	782724332155.23
375.0	1250438763399.8408	755587708859.0123	697061679353.0352
376.0	1186556874665.8962	708737216010.9735	634583218808.1663
377.0	1276932968223.8293	799561445650.0066	749215174849.412
378.0	1096630677232.0197	659041493803.2339	601206389404.1099
379.0	804904807593.1923	411604870939.2621	373822998168.7828
380.0	0.0	0.0	0.0
381.0	0.0	0.0	0.0
382.0	0.0	0.0	0.0
383.0	0.0	0.0	0.0
384.0	0.0	0.0	0.0
385.0	0.0	0.0	0.0
386.0	0.0	0.0	0.0
387.0	0.0	0.0	0.0
388.0	0.0	0.0	0.0
389.0	0.0	0.0	0.0
390.0	0.0	0.0	0.0
391.0	0.0	0.0	0.0
392.0	0.0	0.0	0.0
393.0	0.0	0.0	0.0
394.0	0.0	0.0	0.0
395.0	0.0	0.0	0.0
396.0	0.0	0.0	0.0
397.0	0.0	0.0	0.0
398.0	0.0	0.0	0.0
399.0	0.0	0.0	0.0
400.0	0.0	0.0	0.0
401.0	0.0	0.0	0.0
402.0	0.0	0.0	0.0
403.0	0.0	0.0	0.0
404.0	0.0	0.0	0.0
405.0	-1928380738604.5144	-1998937383297.3906	-1995299217502.3784
406.0	-2002984362793.2437	-2043108952148.1074	-2038286566783.072
407.0	-2079962964282.7224	-2136589443054.6143	-2110765701042.618
408.0	-2212224988560.3687	-2276247000022.236	-2256420785181.093
409.0	-2289497821810.047	-2320827648802.178	-2302434737327.028
410.0	-2360419892612.1885	-2402454220100.8496	-2370382158851.6147
411.0	-2462901591315.696	-2486296368487.3257	-2455452649389.822
412.0	-2513382063815.458	-2529609701353.49	-2506282492706.2134
413.0	-2551166682353.2837	-2573668420887.8965	-2539654516162.628
414.0	-2628859645230.2476	-2633626875979.39	-2600838563713.5503
415.0	-2630020480008.02	-2657211106415.3535	-2612306207837.225
416.0	-2731712862905.7007	-2749103430126.6206	-2705245865754.045
417.0	-2762352750935.226	-2760199066814.101	-2716363474318.5254
418.0	-2780949255571.4053	-2802045766406.838	-2766447680531.3657
419.0	-2879087400658.668	-2864522894924.807	-2818842079364.7427
420.0	-2954614365240.9644	-2934195682161.382	-2893362147526.222
421.0	-2952747349123.4985	-2947434577865.07	-2907419298498.1665
422.0	-2948846456687.514	-2937948039625.5396	-2900312792730.6235
423.0	-2997257716484.4795	-3006015886222.7495	-2969080773259.482
424.0	-2993268905878.5894	-3008141793844.2876	-2979066118514.6006
425.0	-3014355737624.5244	-3025951779424.4746	-2995182224648.23
426.0	-3060905121848.656	-3083636545117.962	-3057031787182.867
427.0	-3163899879977.622	-3195048353018.685	-3157126790787.476
428.0	-3112262975861.9663	-3145105472461.223	-3115960201082.8237
429.0	-3091547773594.757	-3129789895031.662	-3105190602833.4263
430.0	-3166612877486.9746	-3198977798577.3774	-3175186405850.1978
431.0	-3132174897209.7036	-3190823941825.029	-3153777913307.259
432.0	-3090779605281.0737	-3141994800340.8745	-3116754622000.501
433.0	-3133445994892.488	-3202714215460.8906	-3170790428328.466
434.0	-3133786535741.741	-3206902261888.3867	-3178204782825.4106
435.0	-3109266371564.447	-3213899739086.1455	-3182601408200.1143
436.0	-3071259827171.77	-3179418669685.493	-3151535297998.7095
437.0	-3091853146843.7183	-3194625967721.586	-3159784732064.5303
438.0	-3071894336614.7476	-3192773416537.44	-3163987222101.9062
439.0	-3052341330828.9146	-3178756434332.2314	-3136910084776.589
440.0	-3052420402180.1626	-3190249736757.8154	-3151276044965.316
441.0	-3039502875454.2207	-3175579179993.006	-3140527819489.1113
442.0	-2985058735197.944	-3138440705705.3594	-3094584171679.0977
443.0	-2954853430516.799	-3113170373051.4165	-3063740902315.1924
444.0	-2982249202782.29	-3139235589156.082	-3090226742130.2935
445.0	-2926253832341.2896	-3098464856078.013	-3047228052910.016
446.0	-2908297257414.0103	-3084718491094.9424	-3037068711082.662
447.0	-2875680802561.065	-3062469995566.5483	-3004413292149.041
448.0	-2861959591281.6743	-3053823964518.572	-3000355724879.132
449.0	-2785804640086.645	-2990126823575.355	-2925221186958.1143
450.0	-2803448525221.6934	-3005987485733.977	-2945441196072.9717
451.0	-2732529257330.9297	-2942352562204.17	-2874411537952.2827
452.0	-2676900097711.9834	-2895531629724.3447	-2831937660999.693
453.0	-2576216530490.1294	-2815120464882.0293	-2740383377425.032
454.0	-2605674951641.2544	-2841232281153.0825	-2768761914300.057
455.0	-2513353243512.367	-2757701610660.64	-2685368264274.9634
456.0	-2483661009995.287	-2727357873208.775	-2664197638127.2656
457.0	-2384057401149.906	-2633710196875.3877	-2561659753768.7344
458.0	-2394061219644.615	-2639357732685.2095	-2571768668174.3296
459.0	-2323746292364.533	-2573902615619.0957	-2499243365026.486
460.0	-2311466471935.418	-2548579907936.7236	-2471985964618.4946
461.0	-2218468181663.7285	-2463581097757.0625	-2387711102582.433
462.0	-2228313756532.249	-2466901592349.6787	-2387955801858.185
463.0	-2125057495445.7537	-2368089368125.0376	-2293686802443.108
464.0	-2124841476926.562	-2357713538722.231	-2291676630325.494
465.0	-2026608374750.5923	-2261066014014.091	-2181466725738.8506
466.0	-2007326772223.9827	-2235925114286.609	-2168089852958.112
467.0	-1977104459052.7927	-2191534227365.8665	-2116572254880.6672
468.0	-1926156186549.1475	-2144353219809.5024	-2074149692548.2612
469.0	-1826554035446.9558	-2054397850072.9158	-1973623026359.383
470.0	-1836012239556.9688	-2035895237235.8716	-1959558097738.347
471.0	-1736845822082.1074	-1929833129131.6843	-1852088113723.5127
472.0	-1685295741877.2375	-1866992418781.5217	-1789835622253.5535
473.0	-1617738065805.4175	-1797073765413.785	-1721754937188.016
474.0	-1577661163925.6877	-1752601796502.535	-1682889670333.1255
475.0	-1502985230927.8538	-1679548006172.1038	-1608582448507.6226
476.0	-1464896225458.3894	-1636270565921.6545	-1564315761462.606
477.0	-1406177715264.3367	-1572965119174.18	-1499011550762.456
478.0	-1335748486734.9417	-1493072519336.721	-1417496994780.5671
479.0	-1263367290082.8628	-1404040647389.0178	-1333494558832.4265
480.0	-1221970465417.566	-1353886363372.7317	-1286507817084.5994
481.0	-1151096663186.0203	-1284184410369.248	-1209920881398.6416
482.0	-1091387439222.8738	-1217769316096.8567	-1161930682306.8513
483.0	-1037653717879.4429	-1160714646125.4814	-1093397352204.3157
484.0	-994612876109.1671	-1111187094923.6445	-1045476475024.7972
485.0	-929427233597.4861	-1042964435428.563	-985500871701.4636
486.0	-901369738967.7344	-1008916868486.9097	-939807359261.5543
487.0	-797221177275.5405	-906742803607.1337	-858475268810.2887
488.0	-736635527420.1714	-845743967830.3451	-799067757366.7212
489.0	-697529516380.9976	-798910645524.9382	-745855433269.3004
490.0	-638851447766.3398	-740042154103.874	-692565396819.0056
491.0	-582622749787.9801	-682642973878.955	-631086509990.9723
492.0	-546323295781.5382	-633173277613.9485	-594795696833.6156
493.0	-512100395504.7117	-607529505124.1691	-559334887186.1339
494.0	-451355772494.0555	-538251384981.2939	-506174949083.0412
495.0	-394026654881.0596	-478680780366.0339	-436245240518.0071
496.0	-383509440559.4028	-461190906772.66907	-425536445819.1383
497.0	-329367007647.8891	-415968426982.19116	-372161472949.93207
498.0	-295760700537.32153	-375305918002.509	-343228345873.47644
499.0	-250198078189.84494	-326722661859.1116	-293473817358.4416
500.0	-229220079475.47565	-303425323350.7218	-269813811750.115
501.0	-177410773412.30267	-247274187874.85236	-214420693128.3335
502.0	-147363234573.33038	-211491965223.70914	-183499685831.39633
503.0	-135664332559.8916	-200821301844.55103	-166697672003.3676
504.0	-101549824080.45451	-159133682138.32248	-127457947988.9168
505.0	-65697695854.32904	-126360588399.17178	-91492721503.7549
506.0	-53539957825.82243	-99713111237.94165	-75008586240.23663
507.0	-6068062362.759023	-54612298862.047104	-19186116565.614532
508.0	13328541176.844765	-31322574038.364925	2402019951.225533
509.0	41464029092.1352	4352273681.906353	35279635654.48217
510.0	59926165337.70615	26881609147.597622	55573732970.32092
511.0	84804416152.15756	55070911037.4398	85722884592.39467
512.0	105349208257.07733	82189907391.50157	113714701483.97533
513.0	115542790617.38528	91125428133.23557	128049509583.52477
514.0	139115733240.76776	124117746005.32101	150354054072.65967
515.0	167594394079.00775	154371392535.69763	185006349863.56882
516.0	187820739513.51114	179373209714.80365	210478061482.08322
517.0	223252440166.691	219154896398.26572	249635840774.75015
518.0	210915997774.4802	210821412170.5625	239495626875.63937
519.0	230028088971.17148	238410119217.0414	265569792564.4874
520.0	244315483350.26715	250850805223.2518	278898216529.769
521.0	268219587388.91586	275649076122.31335	305190328134.31067
522.0	272528503489.8038	289913844053.9367	316242982257.8196
523.0	288708246423.9109	311121862944.358	329437203856.76184
524.0	296876644169.4423	328370092124.3638	339780284976.4868
525.0	332925329762.91125	355934200062.5429	383538540713.9843
526.0	324558604780.87616	356778871330.0305	378296115180.36743
527.0	343803223104.0762	379901409623.8596	406901884884.06604
528.0	350494904224.79004	391143526794.3978	415231584690.6723
529.0	381815414827.96094	419718217353.26697	446722253968.9359
530.0	385768105894.04565	428030154092.99426	451974890115.7094
531.0	395842169520.66473	447939863061.40906	474539791241.4009
532.0	391710356054.0537	442845290278.1119	473562744533.05756
533.0	412529266169.44507	468941078140.1686	494070283901.3522
534.0	414462066493.99335	486815138621.9156	510325133533.3749
535.0	436304692236.29175	501740685695.3408	521387316305.8512
536.0	432960103606.697	510925191935.04724	523813393192.81616
537.0	459144927542.4388	538011557096.5558	556186299241.0063
538.0	466795570656.7217	547917395194.774	563802056830.9226
539.0	461016952894.4373	548009232377.00604	570984476755.8167
540.0	466726653597.5738	558946650542.7881	581374254305.5099
541.0	477382219568.9115	572561856250.2277	589682455665.6119
542.0	494913805810.3367	597999386409.5133	619699317408.9791
543.0	498465830414.17676	599980230987.2009	615244683164.8474
544.0	510639538515.7575	616823904287.6791	633631802812.8126
545.0	514726744598.74457	624384594325.5168	645400266778.1161
546.0	522005186230.1612	633383426575.534	647273324358.0967
547.0	520948733511.7971	641717350498.5219	656135734868.2654
548.0	504129035938.5106	628486355242.9843	643504830973.6813
549.0	520936786413.88727	654037391257.6833	666121238100.7865
550.0	517533496722.45526	654356301260.202	670820924269.0111
551.0	532150808727.8844	664969205433.8494	683977288594.7522
552.0	535601044336.9425	681139523858.0366	695536995661.591
553.0	545624699066.86633	691977058986.814	708391860777.9724
554.0	531980936969.2767	687923122155.4696	704058000075.9799
555.0	545518674078.1543	693661364328.7169	711303341080.8687
556.0	548714529187.65173	716677051363.6412	730567179230.8126
557.0	559984338273.7352	719389074381.0956	737099076095.0114
558.0	569746989768.5664	735437137178.7659	752415821199.1348
559.0	572933425513.009	751639549066.0109	765135900868.9194
560.0	548062904610.1603	736235723919.4872	748558230720.7805
561.0	575259758939.3308	755263418636.7462	768362302007.5431
562.0	579526332961.3608	763849935861.0972	778293771057.122
563.0	582115750190.9304	779866567078.9263	792672971760.4856
564.0	600094667919.461	786353396553.3788	802799877897.0074
565.0	609867067234.0149	816768900884.6023	834103084700.4795
566.0	589615815220.6465	795111994839.234	814819026594.5413
567.0	604072018632.847	816452668848.0586	832150282516.5898
568.0	587554648741.73	805457839747.5546	819188725215.4054
569.0	608351174886.4895	821761907226.3856	837475934822.2804
570.0	616607054309.0391	838644253659.2279	851575432389.898
571.0	627427650244.0898	844234145699.2693	861964581747.7273
572.0	601640455025.1587	826180529840.8467	844376299801.9554
573.0	592305969520.2955	813958231454.7534	831133635194.6208
574.0	596559095057.4882	817670195698.352	827551526749.0312
575.0	597039163163.7183	816819173511.9781	832868995965.1067
576.0	572543484785.9474	814747683911.5457	821836829065.4424
577.0	598805055196.6434	824188546269.0176	842190912873.346
578.0	626398401749.8118	849035555746.491	864810439255.3916
579.0	616633589044.0046	851532232701.0956	872254285089.5112
580.0	586346617000.881	845563892490.1571	850652136153.1149
581.0	618735550944.5294	876704005186.8763	893344176318.6061
582.0	611631463442.6677	856210344562.8086	865087619033.0804
583.0	618319528526.8973	860995988398.375	867800197979.7977
584.0	604908401050.419	862755072539.5994	868399520657.1359
585.0	597509402502.7548	837198092056.314	846269650572.556
586.0	611123390583.7532	857864311711.5564	860923409779.128
587.0	597263617048.865	835642615709.2637	839856631162.9152
588.0	558976216082.1058	817208035711.4291	812850758723.7454
589.0	562967128388.0063	806642054400.333	809977991107.9441
590.0	601091582187.4518	828468983385.2727	832158469100.6674
591.0	606292469964.2227	850291245681.979	849749646280.7169
592.0	554415601120.8173	794686043353.2833	796677630287.1558
593.0	571913749016.7386	818266520176.2014	813916987742.6802
594.0	577925902926.3678	828503738257.9746	819438423597.8231
595.0	555901589723.488	789878677696.2051	787071034978.5345
596.0	566491995338.8817	782858776542.9354	794762048529.357
597.0	569117377690.3307	788903981577.3901	795310438268.3475
598.0	558808097948.4496	802635550246.7839	788710722765.1285
599.0	566819710872.1124	817084147813.0565	803304393823.3623
600.0	540530536081.8031	773276550184.8245	762154714025.3455
601.0	572985213653.454	813650462354.1868	808385900043.0945
602.0	578221319761.9958	790103043150.5757	786663489157.3147
603.0	586207523896.3976	783000990739.1395	793149000827.8458
604.0	531751270552.9004	774849797557.5614	753396103542.5806
605.0	541930344120.6199	770324387150.2646	748537338785.2153
606.0	559180796683.6202	781727579097.131	772461229903.5542
607.0	543975538034.409	772210057057.1749	757546853309.4369
608.0	559265127853.4629	754306369395.8137	750383270332.3147
609.0	551586270577.0087	752035828357.8079	732251974783.9785
610.0	524362532229.6944	738350992163.503	717479493528.7511
611.0	526808464363.052	726701253617.5165	713583538587.7916
612.0	515380139582.992	744189028981.0514	699801825225.4395
613.0	523356591719.6572	720369829944.3185	705688409509.0077
614.0	517472338869.173	701323916759.6261	694801083719.4492
615.0	553244778892.9247	746712104227.371	732720091298.6946
616.0	525242455422.6968	694647371505.0199	677661130911.5807
617.0	483298984727.059	666003185377.1423	663192352042.746
618.0	533234777400.2038	705851364405.6482	706241629489.8892
619.0	513174417491.38947	641119305367.0952	655106953691.653
620.0	479766207667.49316	693171578044.432	662135756467.9036
621.0	498766534983.33545	663203011747.8599	649470488752.9161
622.0	477464712375.86194	665595104967.153	637191289136.2694
623.0	488302536361.9762	668246345601.0234	654514999860.153
624.0	488367051851.32874	702933732715.576	643288570687.9236
625.0	481976886086.5653	644098789306.7906	618081222747.2952
626.0	530646905339.25995	680899100954.6759	664395603544.4299
627.0	518197361526.45667	682022343576.7605	652552916111.65
628.0	501544752840.5161	641024117165.6744	625721694189.1019
629.0	475925842846.8243	612150203994.0173	601923304346.3092
630.0	501577732771.195	635522929738.9694	629644395795.1825
631.0	467194610162.58417	585763973359.5712	587759581279.6074
632.0	498139204407.21454	658798833212.1505	631325100341.7263
633.0	432691151085.66565	585476282591.27	570852002410.8843
634.0	436557957728.19165	585730762211.4222	545465964850.3663
635.0	488278913628.1715	632321434947.0798	606346407219.0337
636.0	422520254349.55	590196641257.9135	551765693349.176
637.0	458823577363.838	583505669765.8998	566235044400.4974
638.0	499086118849.1836	618577920088.7068	599981205165.8115
639.0	455524868978.6901	551467631101.4369	553656467365.088
640.0	402385320108.61066	505676680395.0498	512172867444.77686
641.0	465627617463.8821	561709416565.4363	559077206088.214
642.0	449068706871.3139	549524889138.2226	544139849126.6821
643.0	482089995757.43854	595129409345.631	581814684850.166
644.0	473509490231.57056	579644077185.6678	562288243961.1193
645.0	437924705765.70856	552424285474.6298	533190529207.0216
646.0	487679171034.1959	551335724286.2251	551823779166.6117
647.0	466082540630.7457	571391248278.8243	550365959058.2273
648.0	439643812016.96716	526048458211.66766	521939807280.2962
649.0	477367741747.23926	561141975465.8451	565617362586.0594
650.0	480322455968.75244	537700188372.2345	541177535026.79626
651.0	442659471403.8289	543809657945.3731	534304095141.91547
652.0	448722954932.9404	523930504692.08276	520414066825.6103
653.0	393810486776.46375	485019022365.7137	479031400332.60095
654.0	445084490155.84155	505261610811.37415	509028161559.78766
655.0	377639690791.6881	454336997251.4116	453424125718.18933
656.0	394454442230.34717	453507466098.59894	460319678556.5241
657.0	420748156951.4409	504031154604.87585	488752867978.55664
658.0	429282385402.0611	513095700385.12555	514235886616.8891
659.0	428923313725.02026	499762675480.5742	486777843724.5005
660.0	428075295726.826	485055423959.6642	478962697271.60834
661.0	399022839114.0607	475984178589.1313	458642719956.30273
662.0	410903205191.7781	484736573167.55316	473025440060.1044
663.0	439356328378.03485	501639611222.9483	497050119200.5899
664.0	394260076200.6399	476521226537.9296	454430465003.5424
665.0	380625128218.8435	468182212246.5998	434670123611.0321
666.0	443377080440.20984	513236380998.1165	493743959426.49774
667.0	332569608221.7479	404121074289.00635	386207411389.16986
668.0	310664499041.168	403212987080.9321	369882224680.875
669.0	416646781979.54443	474983877432.6977	466300558114.45874
670.0	365642063807.34106	414211512231.46564	415340004184.70435
671.0	386286642656.0205	464827908921.8189	438619441149.3643
672.0	365815368712.0309	465836002406.34045	427681107917.63934
673.0	349069968083.459	410658887107.4119	399624289647.5967
674.0	355170220987.30865	423526093204.5151	412694688572.9658
675.0	361051309286.2226	416346694078.74896	409776112959.9559
676.0	361105841328.8227	427231828681.2244	420752405282.4255
677.0	367252802804.9435	420962622274.9995	409437307993.62506
678.0	367138162630.74115	416772221625.2931	411327484520.0432
679.0	346679391477.9098	371190404731.9702	371596511260.06305
680.0	351675499022.83844	380025670458.0587	372445605486.82056
681.0	332263984516.42566	398537213026.8151	376652636968.59576
682.0	387395984405.8031	419143071142.19244	397664550431.0707
683.0	355361462622.07965	407726690862.1563	400668329458.73737
684.0	334473426276.97394	401948791906.384	380055826982.5053
685.0	369421737344.6787	422732653256.0595	416255914679.65546
686.0	381012363085.3754	425327657175.7536	412446746360.0594
687.0	362886559574.77637	417946617001.49567	405221570959.3318
688.0	346322040846.55426	395648386431.3334	373573003977.7533
689.0	354138826194.4766	402323400639.21735	385026639133.8276
690.0	345173927607.6949	376821699072.87775	370844443911.3895
691.0	356691666894.26227	409000031638.1806	390291212765.84314
692.0	317214824808.35596	377256086563.4532	352117094047.593
693.0	309082829722.6203	351991691911.2337	339396259078.6751
694.0	340624622419.426	385361955141.6325	371302699383.9325
695.0	345432724828.5658	380730724919.2417	362855123309.94507
696.0	308872567132.8424	353937994497.633	330621611795.05963
697.0	336713528147.97235	370955998845.5717	351450581546.58594
698.0	341892235544.5102	377073860913.5591	356446360167.2929
699.0	322480296703.4143	354623424300.7787	343776057961.6183
700.0	333902795023.18634	378996540182.5058	357781179299.93243
701.0	323958591450.89154	365213348603.7838	345325513136.87384
702.0	312638337295.325	351182409659.9527	337156731860.86804
703.0	339098628682.629	365703146147.753	357685760613.1771
704.0	318016555425.34827	343175913308.8981	331901142392.1304
705.0	336750483224.5804	380595086016.9378	357723701753.42285
706.0	322239610272.3414	348426131457.3726	342994853934.37335
707.0	326729372446.45013	358751580762.1114	339202678919.7208
708.0	311763236428.1056	341869718426.0528	324482546748.5389
709.0	306256084905.5969	343339559897.13025	324794236520.63403
710.0	346897011964.863	373156324154.37585	356317739287.30865
711.0	315340667660.76825	333801709456.3603	323778667690.0908
712.0	323236235260.87054	344796800180.2609	325309707592.3355
713.0	315848605003.4462	331622665259.9216	316400345399.82697
714.0	314863836212.04755	329942008811.4062	319871983973.2751
715.0	329280673487.4648	335103635795.7014	327968041920.81067
716.0	319307194260.20166	325074456756.33527	316597457664.293
717.0	337045505142.99164	346016978251.8729	336236958880.2051
718.0	321251998233.8769	342138461690.354	326698795425.6788
719.0	331130529632.03644	341669477962.18726	331309265210.8711
720.0	312346308456.12964	331798447733.0201	316383816768.7964
721.0	310871566469.8603	337300861535.362	316774784685.39386
722.0	335253804844.6076	342043700195.2915	330166191606.6702
723.0	339550317243.4748	347922738237.4317	333995321806.6689
724.0	303937165417.2304	311680416005.2207	298560852699.3577
725.0	318557056149.3369	316451558702.0285	300027743221.8678
726.0	295928946336.12836	312000440153.0561	302589197312.9138
727.0	318472057205.9437	321468855701.7251	308566944043.06976
728.0	292892990599.96735	309142698896.7742	298432299151.9494
729.0	321601183625.6994	323765377037.83276	315917392368.0791
730.0	283719323701.9901	299387591047.72894	282102675207.46875
731.0	324508343995.6938	338810685537.31586	327240549187.78375
732.0	290857486724.236	310711350067.5658	291720396943.7828
733.0	312569589002.8359	321275683786.0772	303981552895.74615
734.0	301224786387.5325	308120200466.1709	301279810760.2591
735.0	316349860860.0211	307571766995.7784	297937679119.428
736.0	280573817468.6798	277181379905.58093	270887948731.2223
737.0	327588324210.1287	335271556604.73975	317912281283.95874
738.0	315148059849.484	314847812726.3255	310533872092.4915
739.0	311075592065.10077	315798211028.8921	306388844137.48645
740.0	305851178355.0684	327561063651.7365	300350183954.3303
741.0	320739464041.92566	323142624596.8219	304385588752.23596
742.0	307566287749.13446	310893973129.80524	304839530846.78455
743.0	315077028278.052	316161928280.1891	302708686450.3142
744.0	295790460772.5758	298953076161.61975	284634622414.38696
745.0	297276218713.4931	302540260974.9504	286441622868.2959
746.0	298904336274.6708	303165925564.1198	288007030127.51807
747.0	309318238694.4549	308928627148.7784	292091359293.6654
748.0	295677549804.10785	302383499590.3172	287705321834.7574
749.0	297842165717.04645	294682018538.981	281657205521.61975
750.0	292799929420.40436	294904402728.6384	281899783985.9422
751.0	294075402689.4355	291321630054.8035	279122881419.8927
752.0	278084608234.39374	274874841539.40613	262381273796.35327
753.0	279011084652.3766	286894075786.9235	268860563140.96744
754.0	298827522525.7239	296019082832.30554	284664947902.1631
755.0	291546868373.385	286466444756.2332	273242258063.78952
756.0	294007545991.079	288486219417.8106	278126356129.2325
757.0	304327406279.793	297714292461.4846	282938311541.05865
758.0	289757234639.857	283110464083.47723	272416057511.81616
759.0	290100219353.0085	285553709486.4893	273244392298.60873
760.0	285944935071.1186	283927110719.3699	268153875466.11014
761.0	291501148449.644	286133554212.59607	275153167458.67834
762.0	290353283090.8953	287105408883.71466	274024855444.32025
763.0	297366050547.19543	293846916236.5992	278294298602.39905
764.0	286591663672.2361	286301333952.2736	270591991938.03122
765.0	287046477314.0804	280260950021.8427	267814992120.82547
766.0	282823659855.07	277086529035.8627	264618000619.82135
767.0	295838417283.2094	287358483422.1207	275113734635.2957
768.0	284805760686.2108	277695925554.19275	264048760616.0249
769.0	291695751175.2079	290576443487.5607	275501680925.45557
770.0	290763133038.2767	285855595852.1082	270063030951.82758
771.0	290488066983.3711	289936333463.30896	271984236521.88275
772.0	295638839498.9719	289452586485.32166	276563333113.07355
773.0	284159405680.8785	281621537986.83673	265992231610.20834
774.0	298321198867.692	292336344416.51166	273659668979.0602
775.0	304904289103.14246	300582395227.1004	283300694993.8957
776.0	302454782644.84045	297439784325.34125	277277894847.5794
777.0	295238261921.7573	288370589551.62335	268474306651.72183
778.0	307210082971.3523	294904120003.926	276851097244.81146
779.0	299894044478.7343	285443651189.3545	270364928060.05066
780.0	305938858433.0186	297326920066.2319	280929418200.47076
